sample	SRR17643000	SRR17643001	SRR17643002	SRR17643004	SRR17643005	SRR17643006	SRR17643007	SRR17643008	SRR17643009
SRR17643000	0.0	0.00418	0.00353	0.00386	0.00371	0.00357	0.00397	0.00383	0.00352
SRR17643001	0.00415	0.0	0.00329	0.00345	0.00371	0.0034	0.00379	0.00303	0.00387
SRR17643002	0.00352	0.0033	0.0	0.00335	0.00366	0.00322	0.00354	0.00329	0.003
SRR17643004	0.00385	0.00346	0.00335	0.0	0.00363	0.00316	0.00358	0.00291	0.00342
SRR17643005	0.00372	0.00375	0.00369	0.00366	0.0	0.0038	0.00364	0.00356	0.00356
SRR17643006	0.00356	0.00341	0.00321	0.00315	0.00377	0.0	0.0035	0.00305	0.00318
SRR17643007	0.00396	0.00381	0.00355	0.00359	0.00362	0.00351	0.0	0.00342	0.00357
SRR17643008	0.00382	0.00304	0.00329	0.00292	0.00353	0.00306	0.00341	0.0	0.00325
SRR17643009	0.00356	0.00394	0.00304	0.00347	0.00358	0.00323	0.00361	0.00329	0.0
