sample	SRR27281402	SRR27281403	SRR27281404	SRR27281405	SRR27281509	SRR27281511	SRR27281512	SRR27281513	SRR27281514
SRR27281402	0.0	0.00271	0.00294	0.00263	0.00278	0.00252	0.00283	0.00237	0.00237
SRR27281403	0.0027	0.0	0.00337	0.00357	0.00291	0.00304	0.0029	0.00365	0.00255
SRR27281404	0.00294	0.00337	0.0	0.00256	0.00281	0.0028	0.00399	0.00301	0.00271
SRR27281405	0.00264	0.00357	0.00256	0.0	0.0026	0.00301	0.00429	0.00293	0.00286
SRR27281509	0.00278	0.00291	0.00281	0.0026	0.0	0.00318	0.00349	0.00319	0.00272
SRR27281511	0.00252	0.00304	0.00279	0.00301	0.00318	0.0	0.00356	0.0032	0.00261
SRR27281512	0.00282	0.0029	0.00398	0.00427	0.00349	0.00355	0.0	0.00353	0.00323
SRR27281513	0.00237	0.00365	0.00301	0.00293	0.00319	0.0032	0.00354	0.0	0.00293
SRR27281514	0.00237	0.00255	0.00271	0.00286	0.00272	0.00261	0.00324	0.00293	0.0
