sample	SRR17643000	SRR17643001	SRR17643002	SRR17643004	SRR17643005	SRR17643006	SRR17643007	SRR17643008	SRR17643009
SRR17643000	0.0	0.00428	0.00381	0.00409	0.00391	0.0038	0.00402	0.004	0.00367
SRR17643001	0.00427	0.0	0.00358	0.00376	0.00396	0.00385	0.00416	0.00369	0.00394
SRR17643002	0.0038	0.00358	0.0	0.00381	0.00372	0.00364	0.00372	0.0035	0.00346
SRR17643004	0.00408	0.00376	0.00381	0.0	0.0038	0.00343	0.00394	0.00329	0.00366
SRR17643005	0.00392	0.00398	0.00374	0.00382	0.0	0.00382	0.00389	0.00401	0.00369
SRR17643006	0.00378	0.00385	0.00364	0.00342	0.0038	0.0	0.00393	0.00337	0.00362
SRR17643007	0.00401	0.00417	0.00373	0.00395	0.00388	0.00394	0.0	0.00389	0.00386
SRR17643008	0.00399	0.00369	0.0035	0.00329	0.004	0.00337	0.00389	0.0	0.00373
SRR17643009	0.00368	0.00398	0.00349	0.00369	0.0037	0.00365	0.00389	0.00375	0.0
