sample	SRR27281402	SRR27281403	SRR27281404	SRR27281405	SRR27281509	SRR27281511	SRR27281512	SRR27281513	SRR27281514
SRR27281402	0.0	0.00312	0.00331	0.00313	0.00301	0.00284	0.00334	0.00313	0.0028
SRR27281403	0.00312	0.0	0.00326	0.00353	0.00313	0.0032	0.00353	0.0034	0.00292
SRR27281404	0.00331	0.00327	0.0	0.00265	0.003	0.00321	0.00393	0.00336	0.00287
SRR27281405	0.00313	0.00354	0.00265	0.0	0.00293	0.00305	0.004	0.00315	0.00295
SRR27281509	0.00301	0.00313	0.003	0.00292	0.0	0.00295	0.00379	0.00297	0.00286
SRR27281511	0.00284	0.0032	0.00321	0.00304	0.00294	0.0	0.00384	0.00317	0.00281
SRR27281512	0.00333	0.00352	0.00392	0.00399	0.00377	0.00383	0.0	0.00392	0.00356
SRR27281513	0.00312	0.0034	0.00336	0.00315	0.00297	0.00317	0.00393	0.0	0.00314
SRR27281514	0.0028	0.00293	0.00287	0.00295	0.00286	0.00281	0.00357	0.00314	0.0
