sample	SRR1607365	SRR1607369	SRR1607372	SRR1607373	SRR1607375	SRR1607377	SRR1607380	SRR1607382	SRR1607384
SRR1607365	0.0	0.00174	0.00181	0.00139	0.0017	0.00171	0.00145	0.00136	0.00167
SRR1607369	0.00174	0.0	0.00174	0.00183	0.00148	0.00228	0.00188	0.00163	0.00189
SRR1607372	0.00181	0.00174	0.0	0.00204	0.00183	0.00195	0.00211	0.00222	0.00218
SRR1607373	0.00139	0.00182	0.00203	0.0	0.00167	0.00158	0.00144	0.00158	0.00136
SRR1607375	0.0017	0.00148	0.00183	0.00167	0.0	0.00194	0.00154	0.00166	0.0017
SRR1607377	0.00171	0.00227	0.00195	0.00159	0.00194	0.0	0.0019	0.0017	0.00181
SRR1607380	0.00145	0.00188	0.00211	0.00144	0.00154	0.00191	0.0	0.00151	0.00158
SRR1607382	0.00136	0.00163	0.00222	0.00159	0.00166	0.0017	0.00151	0.0	0.00144
SRR1607384	0.00167	0.00189	0.00218	0.00136	0.0017	0.00181	0.00158	0.00144	0.0
