sample	SRR27281402	SRR27281403	SRR27281404	SRR27281405	SRR27281509	SRR27281511	SRR27281512	SRR27281513	SRR27281514
SRR27281402	0.0	0.00295	0.0031	0.00304	0.00307	0.00285	0.00358	0.00312	0.00282
SRR27281403	0.00295	0.0	0.00299	0.00316	0.00311	0.00299	0.00357	0.00299	0.00276
SRR27281404	0.0031	0.003	0.0	0.0025	0.00297	0.00288	0.00392	0.00292	0.00286
SRR27281405	0.00304	0.00316	0.00251	0.0	0.00294	0.003	0.00401	0.0029	0.00294
SRR27281509	0.00307	0.00311	0.00297	0.00294	0.0	0.00289	0.00389	0.00297	0.00289
SRR27281511	0.00285	0.00299	0.00288	0.003	0.00289	0.0	0.00376	0.00291	0.00276
SRR27281512	0.00357	0.00356	0.00391	0.004	0.00388	0.00375	0.0	0.00395	0.00361
SRR27281513	0.00312	0.00299	0.00292	0.0029	0.00297	0.00291	0.00396	0.0	0.00303
SRR27281514	0.00282	0.00276	0.00286	0.00293	0.00289	0.00276	0.00362	0.00303	0.0
