sample	SRR17643000	SRR17643001	SRR17643002	SRR17643004	SRR17643005	SRR17643006	SRR17643007	SRR17643008	SRR17643009
SRR17643000	0.0	0.00461	0.00432	0.0045	0.00439	0.00419	0.00441	0.00447	0.00417
SRR17643001	0.00459	0.0	0.00413	0.00408	0.00436	0.00414	0.00447	0.00416	0.00429
SRR17643002	0.0043	0.00413	0.0	0.00412	0.00411	0.00401	0.00407	0.00403	0.00394
SRR17643004	0.00448	0.00408	0.00412	0.0	0.00422	0.00363	0.00428	0.00365	0.00411
SRR17643005	0.00439	0.00438	0.00413	0.00424	0.0	0.00425	0.00413	0.00435	0.00419
SRR17643006	0.00417	0.00413	0.00401	0.00363	0.00423	0.0	0.00415	0.00365	0.00389
SRR17643007	0.0044	0.00448	0.00407	0.00429	0.00412	0.00416	0.0	0.0043	0.00407
SRR17643008	0.00446	0.00417	0.00403	0.00365	0.00433	0.00365	0.0043	0.0	0.00411
SRR17643009	0.00418	0.00432	0.00397	0.00414	0.0042	0.00392	0.00409	0.00413	0.0
