sample	SRR27281402	SRR27281403	SRR27281404	SRR27281405	SRR27281509	SRR27281511	SRR27281512	SRR27281513	SRR27281514
SRR27281402	0.0	0.00086	0.00062	0.0	0.00075	0.00081	0.00103	0.00096	0.00064
SRR27281403	0.00086	0.0	0.00045	0.0	0.00061	0.00071	0.00082	0.00076	0.00051
SRR27281404	0.00062	0.00046	0.0	0.0	0.0	0.0	0.00082	0.00034	0.0
SRR27281405	0.0	0.0	0.0	0.0	0.0	0.0	0.0	0.0	0.0
SRR27281509	0.00075	0.00061	0.0	0.0	0.0	0.00048	0.00097	0.00046	0.0
SRR27281511	0.00081	0.00071	0.0	0.0	0.00048	0.0	0.00101	0.00065	0.00035
SRR27281512	0.00103	0.00082	0.00082	0.0	0.00097	0.00101	0.0	0.00109	0.00081
SRR27281513	0.00096	0.00076	0.00034	0.0	0.00046	0.00065	0.00109	0.0	0.00059
SRR27281514	0.00064	0.00051	0.0	0.0	0.0	0.00035	0.00082	0.00059	0.0
