sample	SRR17643000	SRR17643001	SRR17643002	SRR17643004	SRR17643005	SRR17643006	SRR17643007	SRR17643008	SRR17643009
SRR17643000	0.0	0.00353	0.00342	0.00361	0.00342	0.00315	0.00355	0.00353	0.00328
SRR17643001	0.0035	0.0	0.00318	0.00311	0.00336	0.0031	0.00349	0.00312	0.00334
SRR17643002	0.00339	0.00318	0.0	0.00337	0.00325	0.00314	0.00334	0.00321	0.00321
SRR17643004	0.00359	0.00311	0.00337	0.0	0.00338	0.00274	0.00348	0.00277	0.0034
SRR17643005	0.00343	0.00339	0.00328	0.0034	0.0	0.00337	0.00333	0.00345	0.00329
SRR17643006	0.00313	0.0031	0.00314	0.00273	0.00334	0.0	0.00324	0.0027	0.00298
SRR17643007	0.00354	0.0035	0.00335	0.00349	0.00331	0.00326	0.0	0.00345	0.00333
SRR17643008	0.00352	0.00313	0.00322	0.00277	0.00342	0.00271	0.00344	0.0	0.00328
SRR17643009	0.0033	0.00339	0.00325	0.00344	0.00331	0.00303	0.00336	0.00332	0.0
