sample	SRR1607296	SRR1607299	SRR1607302	SRR1607306	SRR1607310	SRR1607316	SRR1607318	SRR1607320	SRR1607323
SRR1607296	0.0	0.00038	0.0	0.0	0.0	0.0	0.0005	0.0	0.0
SRR1607299	0.00038	0.0	0.00041	0.0	0.00036	0.00039	0.00064	0.0	0.00045
SRR1607302	0.0	0.00041	0.0	0.0	0.0	0.0	0.00053	0.0	0.0
SRR1607306	0.0	0.0	0.0	0.0	0.00036	0.0	0.00052	0.0	0.00036
SRR1607310	0.0	0.00036	0.0	0.00036	0.0	0.00035	0.00055	0.0	0.00038
SRR1607316	0.0	0.00039	0.0	0.0	0.00035	0.0	0.00057	0.0	0.00036
SRR1607318	0.0005	0.00064	0.00053	0.00052	0.00055	0.00057	0.0	0.00054	0.00054
SRR1607320	0.0	0.0	0.0	0.0	0.0	0.0	0.00054	0.0	0.0
SRR1607323	0.0	0.00045	0.0	0.00036	0.00038	0.00036	0.00054	0.0	0.0
