sample	SRR1607365	SRR1607369	SRR1607372	SRR1607373	SRR1607375	SRR1607377	SRR1607380	SRR1607382	SRR1607384
SRR1607365	0.0	0.0	0.0	0.0	0.0	0.0	0.0	0.0	0.0
SRR1607369	0.0	0.0	0.0	0.0	0.0	0.0	0.0	0.0	0.0
SRR1607372	0.0	0.0	0.0	0.0	0.0	0.0	0.0	0.0	0.0
SRR1607373	0.0	0.0	0.0	0.0	0.0	0.0	0.0	0.0	0.0
SRR1607375	0.0	0.0	0.0	0.0	0.0	0.0	0.0	0.0	0.0
SRR1607377	0.0	0.0	0.0	0.0	0.0	0.0	0.0	0.0	0.0
SRR1607380	0.0	0.0	0.0	0.0	0.0	0.0	0.0	0.0	0.0
SRR1607382	0.0	0.0	0.0	0.0	0.0	0.0	0.0	0.0	0.0
SRR1607384	0.0	0.0	0.0	0.0	0.0	0.0	0.0	0.0	0.0
