sample	SRR17643000	SRR17643001	SRR17643002	SRR17643004	SRR17643005	SRR17643006	SRR17643007	SRR17643008	SRR17643009
SRR17643000	0.0	0.0	0.0	0.0	0.0	0.0	0.0	0.0	0.0
SRR17643001	0.0	0.0	0.0	0.0	0.0	0.0	0.0	0.0	0.0
SRR17643002	0.0	0.0	0.0	0.0	0.0	0.0	0.0	0.0	0.0
SRR17643004	0.0	0.0	0.0	0.0	0.0	0.0	0.0	0.0	0.0
SRR17643005	0.0	0.0	0.0	0.0	0.0	0.0	0.0	0.0	0.0
SRR17643006	0.0	0.0	0.0	0.0	0.0	0.0	0.0	0.0	0.0
SRR17643007	0.0	0.0	0.0	0.0	0.0	0.0	0.0	0.0	0.0
SRR17643008	0.0	0.0	0.0	0.0	0.0	0.0	0.0	0.0	0.0
SRR17643009	0.0	0.0	0.0	0.0	0.0	0.0	0.0	0.0	0.0
