sample	SRR27281402	SRR27281403	SRR27281404	SRR27281405	SRR27281509	SRR27281511	SRR27281512	SRR27281513	SRR27281514
SRR27281402	0.0	0.0	0.0	0.0	0.0	0.0	0.0	0.0	0.0
SRR27281403	0.0	0.0	0.0	0.0	0.0	0.0	0.0	0.0	0.0
SRR27281404	0.0	0.0	0.0	0.0	0.0	0.0	0.0	0.0	0.0
SRR27281405	0.0	0.0	0.0	0.0	0.0	0.0	0.0	0.0	0.0
SRR27281509	0.0	0.0	0.0	0.0	0.0	0.0	0.0	0.0	0.0
SRR27281511	0.0	0.0	0.0	0.0	0.0	0.0	0.0	0.0	0.0
SRR27281512	0.0	0.0	0.0	0.0	0.0	0.0	0.0	0.0	0.0
SRR27281513	0.0	0.0	0.0	0.0	0.0	0.0	0.0	0.0	0.0
SRR27281514	0.0	0.0	0.0	0.0	0.0	0.0	0.0	0.0	0.0
