sample	SRR1607346	SRR1607348	SRR1607350	SRR1607351	SRR1607354	SRR1607356	SRR1607357	SRR1607359	SRR1607363
SRR1607346	0.0	0.0	0.0	0.0	0.0	0.0	0.0	0.0	0.0
SRR1607348	0.0	0.0	0.0	0.0	0.0	0.0	0.0	0.0	0.0
SRR1607350	0.0	0.0	0.0	0.0	0.0	0.0	0.0	0.0	0.0
SRR1607351	0.0	0.0	0.0	0.0	0.0	0.0	0.0	0.0	0.0
SRR1607354	0.0	0.0	0.0	0.0	0.0	0.0	0.0	0.0	0.0
SRR1607356	0.0	0.0	0.0	0.0	0.0	0.0	0.0	0.0	0.0
SRR1607357	0.0	0.0	0.0	0.0	0.0	0.0	0.0	0.0	0.0
SRR1607359	0.0	0.0	0.0	0.0	0.0	0.0	0.0	0.0	0.0
SRR1607363	0.0	0.0	0.0	0.0	0.0	0.0	0.0	0.0	0.0
