sample	moss_0.05_1x_1	moss_0.05_2x_1	moss_0.05_4x_1	moss_0.05_8x_1	moss_0.0_1x_1	moss_0.0_2x_1	moss_0.0_4x_1	moss_0.0_8x_1	moss_0.15_1x_1	moss_0.15_2x_1	moss_0.15_4x_1	moss_0.15_8x_1	moss_0.1_1x_1	moss_0.1_2x_1	moss_0.1_4x_1	moss_0.1_8x_1	moss_0.2_1x_1	moss_0.2_2x_1	moss_0.2_4x_1	moss_0.2_8x_1
moss_0.05_1x_1	0.0	0.0	0.0	0.0	0.045078852883638824	0.04923921401319324	0.05155250312497693	0.05144173881655064	0.1458624187633044	0.14457881710985312	0.14427874282248118	0.14370891666771957	0.10650988504024819	0.10687523214884229	0.10752017062960736	0.10667733520664407	0.1947868214095527	0.19762372584263282	0.19104121811618704	0.1897637852569175
moss_0.05_2x_1	0.0	0.0	0.0	0.0	0.04634933038504353	0.0504002216225357	0.052909653696083386	0.052822381018300814	0.15036103486759778	0.1483309173078598	0.14920525948019556	0.1481078035911787	0.1099832477965879	0.11126584178957047	0.11111984370356064	0.11142854086938767	0.19922941330380797	0.20012593133717022	0.20040641236092313	0.19434005356128062
moss_0.05_4x_1	0.0	0.0	0.0	0.0	0.047024102029539154	0.05095739997924194	0.053127384661596964	0.05289435147058859	0.14930885163099597	0.15057781961520977	0.14785226227348736	0.14842633849844072	0.11238310856656002	0.11310562909139615	0.1129189342217249	0.11188792875722375	0.1932573496780351	0.19986418076716833	0.19241941970717338	0.1887859841150291
moss_0.05_8x_1	0.0	0.0	0.0	0.0	0.04744995247524416	0.05133694551332106	0.053326620490355234	0.05293220930909797	0.15007649234556378	0.14847205604138236	0.1484294085327553	0.14788845562969752	0.1101023712028536	0.11291400131575073	0.11198294194701923	0.11087598455850786	0.19548308826914143	0.19742760523318953	0.19115352060322857	0.18793541332140448
moss_0.0_1x_1	0.048936228911467455	0.049441435887252395	0.049714988078144305	0.05000048357183298	0.0	0.0	0.0	0.0006588410344643661	0.14177870340207693	0.14338945724630453	0.14251762652946812	0.14251850238830507	0.09521799031039771	0.09644769363434	0.09642876190387206	0.0964330110177163	0.18799402350858221	0.19119361486447814	0.18978644233662026	0.19137445065803493
moss_0.0_2x_1	0.04933810299481841	0.050113760675653936	0.050698524784617664	0.05114135454942937	0.0	0.0	0.0009159054464574334	0.0013931732639843757	0.14349811485377367	0.14354647545975147	0.1432062210571629	0.14170614336525736	0.09623025475565987	0.09718429292282484	0.09757725172802172	0.09708095288292864	0.18681087542321967	0.19174692574737726	0.18956515511166938	0.18932399279617523
moss_0.0_4x_1	0.04917322660785441	0.04973678578030178	0.04954272144813607	0.04957453769749959	0.0	0.0007513813462956795	0.0	0.001692353169114559	0.14292953847593676	0.1420453028494454	0.14270371817859492	0.14070251933749897	0.09587288298159306	0.09655618410203605	0.09621391871132588	0.09563907084615211	0.19103016861090058	0.19263726893094202	0.19204467214718177	0.19100000733644545
moss_0.0_8x_1	0.04864800262224781	0.048978525987020016	0.048444159067674394	0.04827152663974904	0.0004062115737822651	0.0008733831277650925	0.0014592767495011313	0.0	0.14012511305153857	0.1424325670208259	0.13979311758967536	0.13892329893095873	0.09468280732931443	0.09553243321137203	0.09505738772322823	0.09406150906333888	0.18762779364917717	0.19084452751900546	0.18735756221268007	0.1844296394595422
moss_0.15_1x_1	0.14401992329439606	0.14939189725705945	0.14864271433875564	0.14888431248859488	0.13076958144267573	0.13684594330481634	0.13870024096374264	0.1357437331642329	0.0	0.0	0.0	0.0	0.17267435550343954	0.1759505861509223	0.1747838087437294	0.17568752198107904	0.2765849121210957	0.254175243130479	0.25452802327334717	0.25163931523261474
moss_0.15_2x_1	0.14308001830020936	0.1475218588824399	0.15001702414232065	0.14738716900722698	0.1325177683332559	0.13680061361739662	0.13811843000153404	0.1383943762956036	0.0	0.0	0.0	0.0	0.16714878473238035	0.16973773199196024	0.17203162342223954	0.17142959137758115	0.2418675150319926	0.24677137032092053	0.25328096644862547	0.2455302550567536
moss_0.15_4x_1	0.14318796292285613	0.14866382374743933	0.14760750335839792	0.1476686892635255	0.13176460296308154	0.13635737084726468	0.13915870515410533	0.13651879634329414	0.0	0.0	0.0	0.0	0.1689194918815401	0.17068359371472558	0.16940999319825742	0.1715559577077508	0.23801344872367128	0.2482173944074993	0.24169984809397632	0.2365208693056434
moss_0.15_8x_1	0.14306403518064018	0.1479063960251751	0.14848175244371156	0.147407268047745	0.13196120247653237	0.13492217510612894	0.13745836998408434	0.13595795150212509	0.0	0.0	0.0	0.0	0.16965544409000996	0.1697823085184724	0.17082360483757655	0.17217130296335478	0.24559883215800365	0.2464359401115201	0.24031754630520177	0.2325607887544415
moss_0.1_1x_1	0.10503865633183929	0.10945659002753125	0.1122910047536074	0.10972914619370466	0.08592912245017716	0.09152287965101917	0.09407448999609493	0.09319880182361655	0.17290969717843116	0.1673216449109094	0.16897746465969754	0.1693654932439168	0.0	0.0	0.0	0.0	0.21437747216407313	0.216456265763687	0.22295368714724392	0.2157459636628137
moss_0.1_2x_1	0.10566281883323542	0.11075854769153465	0.11295660790614102	0.11241877824510367	0.08767413570616805	0.09260462905377241	0.0951677664194332	0.09458008554511271	0.17617501680048864	0.16987433743753874	0.17061034550421061	0.1693535266940003	0.0	0.0	0.0	0.0	0.2086320763922467	0.21513822133231986	0.21630879092287433	0.2111963407689519
moss_0.1_4x_1	0.10661872039393856	0.11073095721444086	0.11286633617265365	0.11158501636102539	0.08798327133973291	0.09295503378652245	0.0952502056763412	0.09472992077222372	0.17510260913480608	0.172285638466193	0.16940147982588016	0.17047748112950478	0.0	0.0	0.0	0.0	0.21054024647875816	0.21647130365179504	0.21312167618316488	0.2123368970536794
moss_0.1_8x_1	0.10618023137298127	0.11134700244927118	0.11214415821031692	0.11077763832701934	0.0881862920846228	0.09252429422902018	0.09495436036913972	0.09409855151960497	0.17645488908710122	0.17213659756813865	0.1719781192121638	0.1722679997153027	0.0	0.0	0.0	0.0	0.21267451729245204	0.21604580788629765	0.2141367467027388	0.20898386832848898
moss_0.2_1x_1	0.19302431800320152	0.1982144312527364	0.1923759783107713	0.19382732953354537	0.17684093901389902	0.17956300661029007	0.1855413859793575	0.18149056217533124	0.27666288095607905	0.24175070056207318	0.23759343727234475	0.2445667587654306	0.2142332724044484	0.20842839140613154	0.21013831151978013	0.2116930910701634	0.0	0.0	0.0	0.0
moss_0.2_2x_1	0.1961060526922775	0.1992384209687633	0.19910961198457014	0.19592392439735876	0.17998274897185837	0.18423364268332182	0.1873351154621066	0.18503833254831092	0.25432514306865583	0.24676925490722768	0.24789439609435246	0.245548484324793	0.21631525253219933	0.21500578395127243	0.21617000843707784	0.21517568911781862	0.0	0.0	0.0	0.0
moss_0.2_4x_1	0.18995234845842926	0.19981459448002525	0.19198986610370083	0.19000559759879396	0.17863442433690754	0.18193420779956865	0.18709974044630992	0.1822171316679754	0.2549577884955419	0.2536020343179385	0.24167241340220008	0.23977222435527276	0.2230027751379404	0.21642294935071443	0.21309316031709266	0.21355328608262023	0.0	0.0	0.0	0.0
moss_0.2_8x_1	0.18927630340172413	0.19427609240471172	0.18887612904146528	0.18730935067144447	0.1805650151494628	0.18190027457998725	0.18652321422618406	0.17988022185234326	0.2527072316723851	0.24648977840399575	0.23709856172496424	0.23264411339697344	0.21629909819624807	0.21184517523101973	0.21286028208067387	0.20895785084515972	0.0	0.0	0.0	0.0
