sample	rotifer_0.05_1x_1	rotifer_0.05_2x_1	rotifer_0.05_4x_1	rotifer_0.05_8x_1	rotifer_0.0_1x_1	rotifer_0.0_2x_1	rotifer_0.0_4x_1	rotifer_0.0_8x_1	rotifer_0.15_1x_1	rotifer_0.15_2x_1	rotifer_0.15_4x_1	rotifer_0.15_8x_1	rotifer_0.1_1x_1	rotifer_0.1_2x_1	rotifer_0.1_4x_1	rotifer_0.1_8x_1	rotifer_0.2_1x_1	rotifer_0.2_2x_1	rotifer_0.2_4x_1	rotifer_0.2_8x_1
rotifer_0.05_1x_1	0.0	0.0	0.0	0.0	0.04839972989385861	0.05005842393558633	0.05071043352436704	0.05091312402071557	0.1847705661754537	0.1820807633684612	0.18206601826678864	0.18097386962859677	0.13199633219580262	0.13320518938445317	0.13206123320691257	0.1314080334040017	0.2382887712227369	0.23387866115252798	0.22307035221232704	0.2224784381038739
rotifer_0.05_2x_1	0.0	0.0	0.0	0.0	0.049071362089866476	0.0503083093298921	0.05100020181168886	0.05118950786689233	0.18060175525073105	0.18148313756440523	0.18000413178457142	0.18010685200872115	0.13295805128740612	0.13274088252354665	0.13278705472725966	0.1319450704389536	0.23382175604701563	0.22756528127623496	0.22451670545834587	0.22407894987050653
rotifer_0.05_4x_1	0.0	0.0	0.0	0.0	0.04899860793708602	0.05014074967959842	0.05085821451084168	0.05089575983994781	0.18109748244699211	0.18129186339490413	0.18059740430512647	0.17995041086296848	0.13375984663510226	0.13260490992475052	0.13232140287660124	0.13113558768228442	0.23436643174234187	0.23392001896930475	0.22848396098561877	0.22451665601634663
rotifer_0.05_8x_1	0.0	0.0	0.0	0.0	0.0492228909598256	0.05045162027488972	0.05091409231549178	0.05072914417957274	0.17881325978409485	0.17841802758215364	0.17827373675408964	0.17695753509139886	0.1338518209352477	0.13322980246204227	0.13168723809325664	0.1314650873707491	0.228618577351699	0.22489390530562117	0.2232161861577391	0.21824779071039865
rotifer_0.0_1x_1	0.049910479931747694	0.0499855790706002	0.049536237888722495	0.04952852138477308	0.0	0.0	0.0	0.0	0.14887537514109705	0.14738425885643622	0.1462985514928094	0.1440461640710305	0.09912124415748716	0.09916500812695563	0.099189244117214	0.09821212431790596	0.19436637776394966	0.19647752615706846	0.1943620925361266	0.19738139251120715
rotifer_0.0_2x_1	0.05012618346955174	0.050048217477268904	0.049596600713739024	0.049744216941019805	0.0	0.0	0.0	0.0	0.14886901905355598	0.14832656080133597	0.14775430344294624	0.14645948611299484	0.10041565529177818	0.09923158054565948	0.09864119479105486	0.09831108290297924	0.19300530732109888	0.19412586318493033	0.19225909972435637	0.19358896191795957
rotifer_0.0_4x_1	0.04996478441756605	0.05016866520780911	0.04978762866809209	0.04973089438894175	0.0	0.0	0.0	0.0	0.14857413024941882	0.14837881054276994	0.14722359482993502	0.1463427046203081	0.10068955891945948	0.09910772663699802	0.09920655321252542	0.09856433241955138	0.18998928796992315	0.19646003624955938	0.19246562129903289	0.19525038159866645
rotifer_0.0_8x_1	0.05009698621471592	0.05037231316477458	0.04980346544133162	0.04953355549293042	0.0	0.0	0.0	0.0	0.14816423791373357	0.14675672841720871	0.14576278125073386	0.14492992815349157	0.09935798529839117	0.09852775442223564	0.098198163816744	0.09773647257426805	0.19077455502568322	0.19732213559562717	0.1932775368490139	0.19380073151471203
rotifer_0.15_1x_1	0.18454307004556464	0.18031218630978227	0.18072770282019388	0.17800908588955047	0.14599352765435178	0.14744493420114796	0.14770090118702628	0.14678990099387684	0.0	0.0	0.0	0.0	0.2207065561122474	0.22003585067931333	0.2225549789223165	0.22192351565796814	0.27654985544905797	0.26385978937811216	0.2642142512475977	0.2515933592340909
rotifer_0.15_2x_1	0.18188143674005036	0.18130938675977198	0.1809852608632457	0.1776747462193376	0.14479013467698643	0.14710403666883912	0.14763438814407653	0.14553003278180698	0.0	0.0	0.0	0.0	0.21443343825758301	0.2195458710112492	0.21337385697971303	0.212217575031233	0.28026598096570127	0.2849394334758142	0.28599845163343823	0.2675144875377458
rotifer_0.15_4x_1	0.18194220978898404	0.18006362673087656	0.1805298564110282	0.177799330325516	0.14404237016807003	0.14683278278503328	0.1467704324829531	0.14486963694385366	0.0	0.0	0.0	0.0	0.2118371927154085	0.2124386177173876	0.20973401128383304	0.20879840024996615	0.28090564118556693	0.2701386521363142	0.2879666735872619	0.2861723671643427
rotifer_0.15_8x_1	0.18125965241785483	0.1806531184464282	0.18035629421087065	0.17696084477699014	0.14225867723805316	0.14598028340830807	0.1463049907401936	0.14445150887989655	0.0	0.0	0.0	0.0	0.2108667371391937	0.21179000086372193	0.2063217343400358	0.20473713503518298	0.2788263612360008	0.28486666680890416	1.0	0.28549877767609666
rotifer_0.1_1x_1	0.1318164006431419	0.13271703664072595	0.1334680585099757	0.13322914254272789	0.09652766944185183	0.0992988056111666	0.1002077363160158	0.09863256701804617	0.2207559957354901	0.21431864946424453	0.21147206544209232	0.20993548115309335	0.0	0.0	0.0	0.0	0.22961930783659393	0.23344294659883288	0.23758629972379525	0.24455093330911457
rotifer_0.1_2x_1	0.13301515178928294	0.13269492671641966	0.13258604305604316	0.13295163383768455	0.09695235233968838	0.09849967592596486	0.0990628219001218	0.0983138963167358	0.2202058156646963	0.2196512010907224	0.21235972938138192	0.21119110619370224	0.0	0.0	0.0	0.0	0.24190550725214655	0.2592329444569251	0.2604091682653048	0.2581272606230274
rotifer_0.1_4x_1	0.13185366358796893	0.13282401953168124	0.13230790980546692	0.13140942533290814	0.0973145919508367	0.09812684261007988	0.09926040497055125	0.09808143391975947	0.2229329777505548	0.21366672392038277	0.20976563791933256	0.2058192419266795	0.0	0.0	0.0	0.0	0.23797226626707005	0.2605313885119424	0.24991229904973908	0.25344227274928716
rotifer_0.1_8x_1	0.13146541455889332	0.13232099432511482	0.1314357754650554	0.13150471562680421	0.09670865126394894	0.09811014352594725	0.09889497272508407	0.0978849977484016	0.222875231085953	0.21306713257670792	0.2093538945947842	0.2047446640461209	0.0	0.0	0.0	0.0	0.24011884423288224	0.2588878235997153	0.25408649508080056	0.2525871166008045
rotifer_0.2_1x_1	0.2381613515695925	0.23354657601843	0.23388018408138656	0.22753341866986615	0.19159872960033988	0.1915246086318634	0.18887047314668368	0.1888864350435233	0.27663538199018217	0.2801371977327882	0.28042465655160986	0.277597180438745	0.22965738889744933	0.24176683830432652	0.23755396667946208	0.23904801058611758	0.0	0.0	0.0	0.0
rotifer_0.2_2x_1	0.23372044238867412	0.2273931458277194	0.2335476797263345	0.2239646821140158	0.19389517309223875	0.19280419528530285	0.19546888444026192	0.19556635158269345	0.2640179840501962	0.28493906623172827	0.26980401756235656	0.2837632952724139	0.23356451065559958	0.25913610346740457	0.2601931638035676	0.25787653806028216	0.0	0.0	0.0	0.0
rotifer_0.2_4x_1	0.22304246566506364	0.22465303487840774	0.2284526805229365	0.22266334029512283	0.19215309446573337	0.19129964816218853	0.19185883954981572	0.1919762715510987	0.26466064657953603	0.2863727409396022	0.28800451950866773	1.0	0.2380009940957848	0.2605789516413089	0.2499274385881403	0.2534707620560227	0.0	0.0	0.0	0.0
rotifer_0.2_8x_1	0.22292631454162676	0.22475610652896835	0.22500198469939212	0.21820958959688205	0.19573032846896293	0.1931293686086193	0.19509754624457543	0.1929463813091023	0.25262662519117063	0.2685204212899908	0.28687775806171556	0.2854605938689548	0.24558412496244444	0.2588752056808438	0.25403795821543684	0.2525498827828973	0.0	0.0	0.0	0.0
