sample	moss_0.05_1x_1	moss_0.05_2x_1	moss_0.05_4x_1	moss_0.05_8x_1	moss_0.0_1x_1	moss_0.0_2x_1	moss_0.0_4x_1	moss_0.0_8x_1	moss_0.15_1x_1	moss_0.15_2x_1	moss_0.15_4x_1	moss_0.15_8x_1	moss_0.1_1x_1	moss_0.1_2x_1	moss_0.1_4x_1	moss_0.1_8x_1	moss_0.2_1x_1	moss_0.2_2x_1	moss_0.2_4x_1	moss_0.2_8x_1
moss_0.05_1x_1	0.0	0.0	0.0	0.0	0.04777536618524124	0.050103476063594554	0.050759252363997545	0.04998412840680745	0.15504235276166298	0.153022608666849	0.15187454535721778	0.15106322281856932	0.11438583740816646	0.11355275486083867	None	None	0.2040156978382606	0.20635277529516763	0.19922988602531075	0.1977745722292467
moss_0.05_2x_1	0.0	0.0	0.0	0.0	0.045815030327482686	0.048254924370271575	0.04925156668777117	0.04871370897056788	0.1603745492230869	0.15746234425071104	0.15751453701907955	0.155956957237428	0.11721807852920053	0.11738376223363738	None	None	0.21111851111661975	0.21143952963224388	0.21107864110798763	0.20447039848157578
moss_0.05_4x_1	0.0	0.0	0.0	0.0	0.04632828583983215	0.04887887891290747	0.049655624835716554	0.049110167936114245	0.1599488772281853	0.16056846827882615	0.15682323846537424	0.1570164448047812	0.12012066032120627	0.1197805992568866	None	None	0.20612229113691805	0.21239836710816945	0.20399649075829565	0.19982081209765204
moss_0.05_8x_1	0.0	0.0	0.0	0.0	0.047820968962378384	0.050441943321319425	0.051105336810462546	0.0504982721774075	0.1625261467573504	0.16009592544347992	0.1592564804421803	0.15819657151972202	0.11916708054219267	0.12118420124853878	None	None	0.21038313640172995	0.21181593148308006	0.20462374311876877	0.2008253580451157
moss_0.0_1x_1	0.04943648839851039	0.04654539359256333	0.04729304463877119	0.047827432958779	0.0	0.0	0.0	0.0	0.145053661104906	0.1457009741675198	0.14361369861816936	0.14308986855103933	0.09680309731257672	0.09690942220303515	None	None	0.19204287419009447	0.19444701909164236	0.19207889344055307	0.19322107326428759
moss_0.0_2x_1	0.049447917402216365	0.046737402408572055	0.04762286273518707	0.04819318948542234	0.0	0.0	0.0	0.0	0.14639433203944546	0.1452891154737941	0.14356168678858558	0.1413042975222835	0.09745873302296616	0.09711987528172146	None	None	0.1905082120140979	0.1945107772045953	0.19115635870651698	0.19027692983378472
moss_0.0_4x_1	0.04980651757940429	0.04742221200090445	0.04810074057103328	0.04858147188783169	0.0	0.0	0.0	0.0	0.1468875691658164	0.14529483256323503	0.14517016175826936	0.14260341809959873	0.09802357085480298	0.09789226471193099	None	None	0.19599195662620078	0.19706751345596965	0.195839255106943	0.19434859844054167
moss_0.0_8x_1	0.050490538633162496	0.048252704334952705	0.048920196165103014	0.049384285722769254	0.0	0.0	0.0	0.0	0.14610507292215605	0.14805588281577883	0.14478258184829718	0.14340464894449043	0.09860490687658327	0.0989013267618021	None	None	0.19486975088462674	0.19779632580698528	0.19385042779535924	0.19045292915541828
moss_0.15_1x_1	0.155141942757178	0.1574092956207775	0.15698758396471568	0.15748127784469854	0.14176994210428812	0.14686691167997432	0.14745714232671597	0.1438369491792058	0.0	0.0	0.0	0.0	0.18372203701690507	0.1862691196079157	None	None	0.28651383130562896	0.2638345752347022	0.26348682671415746	0.26036724097489117
moss_0.15_2x_1	0.14821017174070716	0.14957127694713881	0.1525559945719285	0.15010499441538136	0.1375215902937246	0.14085394377716054	0.14095326221173765	0.14074916385146954	0.0	0.0	0.0	0.0	0.17237959429047076	0.174261979474139	None	None	0.2469416830983349	0.2512591537617846	0.25706847323839277	0.24910647367613675
moss_0.15_4x_1	0.14722057633444058	0.14981480222979068	0.149180986949598	0.14960940465743186	0.13551716074117862	0.13925140439672634	0.1409582431878274	0.13774327724009527	0.0	0.0	0.0	0.0	0.17347305714627842	0.17453743845484612	None	None	0.24356429111621386	0.25328348026095443	0.24601025069921167	0.24046672401304253
moss_0.15_8x_1	0.14387889421964342	0.14567675137184946	0.14669558073836653	0.145849155468685	0.132592040383391	0.1345623950669948	0.13593429657979128	0.13386692019738142	0.0	0.0	0.0	0.0	0.17069407084400193	0.17009341519425025	None	None	0.24674662502552586	0.24702512799710055	0.24023598873124113	0.2321990295840719
moss_0.1_1x_1	0.11438232111848393	0.11514279493115795	0.11820355368562775	0.11557026053961537	0.09413848488096101	0.09825726782334936	0.09915782944729762	0.09745809962833578	0.18360662939052455	0.17723376634004948	0.17789407979740052	0.17794278159430976	0.0	0.0	None	None	0.22477468685660493	0.22615408137234835	0.23179191806337726	0.22433459920751309
moss_0.1_2x_1	0.10911806528441585	0.11075145652323573	0.11326959628305873	0.11289618939385955	0.09013223803270637	0.09372990883785576	0.09481518829220756	0.09353085953360646	0.18127993470901804	0.17423126455475282	0.17404349204766364	0.17245586771530722	0.0	0.0	None	None	0.2137343382177537	0.2195835764666774	0.2200065459233422	0.21461587552020184
moss_0.1_4x_1	0.10735251891691651	0.10799501864753419	0.11049166167520214	0.10933556855754659	0.0877848672507301	0.09151045759606184	0.09237087843687106	0.09118944123788629	0.17733054423095387	0.17381649673312502	0.1699803697187397	0.17077400498042217	0.0	0.0	0.0	None	0.2127807595302123	0.21807955329906417	0.2140035514648825	0.21294273225485547
moss_0.1_8x_1	0.10495167643101173	0.10669203733359744	0.1077522039060301	0.10648043879551201	0.08604428829523078	0.08906621141876567	0.09005137357089081	0.08848630973824886	0.17677040087088836	0.17174159166278147	0.17066637267360427	0.17064625619537752	0.0	0.0	None	0.0	0.2129680801762351	0.2157139880705196	0.21307453201259277	0.20763141595148576
moss_0.2_1x_1	0.20417869252222998	0.20662406825762314	0.2013485812437498	0.2031070985617991	0.18820500068315787	0.1902168509871235	0.19522675986981794	0.1907766533490945	0.2865691648664102	0.25164694663411813	0.2468251568597536	0.2534980002246577	0.22495392782049745	0.21865489728288368	None	None	0.0	0.0	0.0	0.0
moss_0.2_2x_1	0.20179330855648872	0.20219657579173397	0.20260748135760281	0.19971159189961385	0.18577398312040622	0.1893341200839666	0.19147286812487405	0.18875895581147722	0.2595201208610314	0.2515183790577607	0.2519155510023497	0.2493374267607337	0.22172018541521607	0.2198511325925173	None	None	0.0	0.0	0.0	0.0
moss_0.2_4x_1	0.1951012639651335	0.20244444048974505	0.19507028447785382	0.193430293528945	0.18374695929026	0.18640493717676937	0.1907178718755989	0.1853927708098166	0.26058511744946206	0.25872122074441173	0.24595053232468608	0.24374885104835334	0.2283347458421267	0.22111102737172064	None	None	0.0	0.0	0.0	0.0
moss_0.2_8x_1	0.1906226759897546	0.19286951517618978	0.1879503056624764	0.18665348260902712	0.18197843522629772	0.1825980385656899	0.18626031308343993	0.17911540392425368	0.2537494446779747	0.24705156584210025	0.236928154798455	0.2321990079761647	0.21743718103688284	0.2124064068226767	None	None	0.0	0.0	0.0	0.0
