sample	rotifer_0.001_1x	rotifer_0.001_2x	rotifer_0.001_4x	rotifer_0.001_8x	rotifer_0.002_1x	rotifer_0.002_2x	rotifer_0.002_4x	rotifer_0.002_8x	rotifer_0.004_1x	rotifer_0.004_2x	rotifer_0.004_4x	rotifer_0.004_8x	rotifer_0.006_1x	rotifer_0.006_2x	rotifer_0.006_4x	rotifer_0.006_8x	rotifer_0.008_1x	rotifer_0.008_2x	rotifer_0.008_4x	rotifer_0.008_8x	rotifer_0.01_1x	rotifer_0.01_2x	rotifer_0.01_4x	rotifer_0.01_8x	rotifer_0.02_1x	rotifer_0.02_2x	rotifer_0.02_4x	rotifer_0.02_8x	rotifer_0.0_1x	rotifer_0.0_2x	rotifer_0.0_4x	rotifer_0.0_8x
rotifer_0.001_1x	0.0	0.0	0.0	0.0	0.00279	0.00285	0.00272	0.0	0.00452	0.00488	0.00477	0.0	0.00694	0.00676	0.00659	0.0	0.00922	0.00893	0.00881	0.0	0.01087	0.0108	0.01047	0.0	0.02066	0.02042	0.02016	0.00923	0.00109	0.00098	0.00077	0.0
rotifer_0.001_2x	0.0	0.0	0.0	0.0	0.00276	0.00276	0.00263	0.0	0.00467	0.00486	0.0045	0.0	0.00685	0.00662	0.00645	0.0	0.00879	0.00877	0.00856	0.0	0.01084	0.01077	0.01033	0.00109	0.02084	0.02034	0.02013	0.01108	0.00089	0.00076	0.00064	0.0
rotifer_0.001_4x	0.0	0.0	0.0	0.0	0.00281	0.00261	0.00234	0.0	0.00465	0.00472	0.00429	0.0	0.00676	0.0066	0.00622	0.0	0.00876	0.00856	0.00842	0.0	0.01074	0.01059	0.01015	0.00228	0.02076	0.02023	0.01999	0.01228	0.00082	0.00059	0.00043	0.0
rotifer_0.001_8x	0.0	0.0	0.0	0.0	0.0	0.0	0.0	0.0	0.0	0.0	0.0	0.0	0.0	0.0	0.0	0.0	0.0	0.0	0.00045	0.0	0.0	0.00125	0.00228	0.0	0.01002	0.01129	0.01246	0.00461	0.0	0.0	0.0	0.0
rotifer_0.002_1x	0.00279	0.0028	0.00286	0.0	0.0	0.0	0.0	0.0	0.0058	0.00581	0.00566	0.0	0.00781	0.00789	0.00761	0.0	0.01004	0.00976	0.0098	0.0	0.01169	0.01176	0.01145	0.0	0.02187	0.02141	0.02126	0.01042	0.00191	0.00194	0.00181	0.0
rotifer_0.002_2x	0.00281	0.00276	0.00262	0.0	0.0	0.0	0.0	0.0	0.00568	0.00574	0.00545	0.0	0.00778	0.00759	0.00743	0.0	0.00986	0.00973	0.00957	0.0	0.01174	0.01159	0.0113	0.00203	0.02167	0.02131	0.02104	0.01204	0.00177	0.00179	0.00164	0.0
rotifer_0.002_4x	0.00268	0.00262	0.00234	0.0	0.0	0.0	0.0	0.0	0.00557	0.00566	0.00528	0.0	0.00761	0.00756	0.00716	0.0	0.0096	0.00954	0.0093	0.00129	0.01167	0.0115	0.01111	0.00324	0.02158	0.02112	0.02104	0.01322	0.00174	0.0016	0.00139	0.0
rotifer_0.002_8x	0.0	0.0	0.0	0.0	0.0	0.0	0.0	0.0	0.0	0.0	0.0	0.0	0.0	0.0	0.0	0.0	0.0	0.0	0.00141	0.0	0.00055	0.00217	0.00317	0.0	0.01092	0.01221	0.01336	0.00553	0.0	0.0	0.0	0.0
rotifer_0.004_1x	0.00452	0.00473	0.00473	0.0	0.00579	0.00575	0.00566	0.0	0.0	0.0	0.0	0.0	0.00976	0.00962	0.00945	0.0	0.01174	0.01146	0.01166	0.0	0.01372	0.01354	0.01335	0.00226	0.02376	0.02326	0.02325	0.01228	0.00406	0.00396	0.00377	0.0
rotifer_0.004_2x	0.00482	0.00486	0.00473	0.0	0.00573	0.00574	0.00567	0.0	0.0	0.0	0.0	0.0	0.00982	0.00965	0.00933	0.0	0.01178	0.01162	0.0116	0.00219	0.01379	0.01372	0.01333	0.00418	0.0239	0.02332	0.02305	0.01423	0.00412	0.00389	0.00383	0.0
rotifer_0.004_4x	0.0047	0.00449	0.00429	0.0	0.00557	0.00544	0.00528	0.0	0.0	0.0	0.0	0.0	0.00949	0.00951	0.00912	0.00118	0.01152	0.01134	0.01119	0.00321	0.01358	0.01343	0.01299	0.00523	0.02346	0.02298	0.02272	0.0151	0.00374	0.00351	0.00338	0.0
rotifer_0.004_8x	0.0	0.0	0.0	0.0	0.0	0.0	0.0	0.0	0.0	0.0	0.0	0.0	0.0	0.0	0.00123	0.0	0.00063	0.0022	0.00347	0.0	0.00275	0.00431	0.00526	0.0	0.01296	0.01425	0.01537	0.00764	0.0	0.0	0.0	0.0
rotifer_0.006_1x	0.00694	0.00694	0.00687	0.0	0.00781	0.00789	0.00773	0.0	0.00976	0.00995	0.00965	0.0	0.0	0.0	0.0	0.0	0.0137	0.01375	0.01377	0.00254	0.01557	0.01578	0.01533	0.00439	0.02546	0.02519	0.02495	0.01422	0.00592	0.00599	0.00597	0.0
rotifer_0.006_2x	0.00667	0.00662	0.00662	0.0	0.00779	0.00759	0.00758	0.0	0.00949	0.00965	0.00954	0.0	0.0	0.0	0.0	0.0	0.01371	0.01363	0.01359	0.0042	0.01553	0.01559	0.01521	0.00611	0.02546	0.02527	0.02484	0.01602	0.00571	0.00568	0.00563	0.0
rotifer_0.006_4x	0.00648	0.00642	0.00622	0.0	0.00749	0.00741	0.00716	0.0	0.0093	0.0093	0.00912	0.00122	0.0	0.0	0.0	0.0	0.0134	0.01329	0.01317	0.00521	0.01529	0.01525	0.01488	0.00718	0.02523	0.02489	0.02453	0.01702	0.00557	0.00552	0.00523	0.0
rotifer_0.006_8x	0.0	0.0	0.0	0.0	0.0	0.0	0.0	0.0	0.0	0.0	0.00118	0.0	0.0	0.0	0.0	0.0	0.0025	0.00411	0.00534	0.0	0.00454	0.0062	0.00713	0.0	0.0147	0.01604	0.01709	0.00945	0.0	0.0	0.0	0.0
rotifer_0.008_1x	0.00922	0.00891	0.0089	0.0	0.01004	0.00999	0.00975	0.0	0.01174	0.01194	0.01172	0.00064	0.0137	0.0139	0.01362	0.00252	0.0	0.0	0.0	0.0	0.01764	0.01756	0.01739	0.00645	0.02756	0.02727	0.02692	0.01634	0.00805	0.00805	0.00793	0.0
rotifer_0.008_2x	0.00881	0.00877	0.00859	0.0	0.00963	0.00973	0.00957	0.0	0.0113	0.01162	0.01137	0.00219	0.01356	0.01363	0.01333	0.0041	0.0	0.0	0.0	0.0	0.01741	0.0175	0.01712	0.00808	0.0272	0.02695	0.02659	0.01781	0.00788	0.00775	0.00762	0.0
rotifer_0.008_4x	0.00866	0.00853	0.00842	0.00045	0.00964	0.00954	0.0093	0.0014	0.01147	0.01156	0.01119	0.00344	0.01354	0.01354	0.01317	0.00531	0.0	0.0	0.0	0.0	0.01728	0.01727	0.01702	0.00933	0.02716	0.02686	0.02645	0.01902	0.0077	0.0076	0.00741	0.0
rotifer_0.008_8x	0.0	0.0	0.0	0.0	0.0	0.0	0.0013	0.0	0.0	0.0022	0.00324	0.0	0.00252	0.00421	0.00524	0.0	0.0	0.0	0.0	0.0	0.00639	0.00818	0.00918	0.00144	0.0167	0.01795	0.01901	0.01148	0.0	0.0	0.0	0.0
rotifer_0.01_1x	0.01087	0.01099	0.01092	0.0	0.01169	0.0119	0.01186	0.00055	0.01372	0.01398	0.0138	0.00277	0.01557	0.01574	0.01554	0.00458	0.01764	0.01765	0.01756	0.00645	0.0	0.0	0.0	0.0	0.02906	0.02894	0.02898	0.01827	0.00989	0.01003	0.01002	0.0
rotifer_0.01_2x	0.01066	0.01077	0.01062	0.00125	0.01161	0.01159	0.01154	0.00217	0.01336	0.01372	0.01348	0.00429	0.01556	0.01559	0.0153	0.00618	0.01733	0.0175	0.01733	0.00815	0.0	0.0	0.0	0.0	0.02903	0.0288	0.02859	0.01986	0.00968	0.00975	0.00972	0.0
rotifer_0.01_4x	0.0103	0.0103	0.01015	0.00226	0.01126	0.01127	0.01111	0.00315	0.01313	0.01328	0.013	0.00522	0.01508	0.01516	0.01488	0.00709	0.0171	0.01707	0.01702	0.00912	0.0	0.0	0.0	0.0	0.02874	0.02859	0.02822	0.02086	0.00934	0.00936	0.00924	0.00129
rotifer_0.01_8x	0.0	0.0011	0.00229	0.0	0.0	0.00204	0.00326	0.0	0.00224	0.00419	0.00526	0.0	0.00435	0.00613	0.00723	0.0	0.00639	0.00811	0.00939	0.00144	0.0	0.0	0.0	0.0	0.01855	0.01998	0.02101	0.01346	0.0	0.0	0.00134	0.0
rotifer_0.02_1x	0.02066	0.02112	0.0211	0.01011	0.02186	0.02196	0.02194	0.01102	0.02376	0.02422	0.02384	0.01308	0.02546	0.02579	0.02564	0.01484	0.02755	0.02756	0.0276	0.01686	0.02906	0.02941	0.02921	0.01873	0.0	0.0	0.0	0.0	0.02016	0.02017	0.02024	0.00913
rotifer_0.02_2x	0.02015	0.02034	0.02031	0.01124	0.02113	0.02132	0.0212	0.01217	0.02296	0.02333	0.02307	0.01421	0.02487	0.02528	0.02498	0.01599	0.02692	0.02695	0.02696	0.01791	0.02856	0.02881	0.02869	0.01992	0.0	0.0	0.0	0.0	0.01947	0.0195	0.01943	0.01032
rotifer_0.02_4x	0.01984	0.02007	0.02	0.01237	0.02092	0.02098	0.02105	0.01328	0.02288	0.02298	0.02273	0.01528	0.02455	0.02477	0.02454	0.01698	0.02649	0.02651	0.02646	0.0189	0.02852	0.02851	0.02823	0.02089	0.0	0.0	0.0	0.0	0.01924	0.01925	0.01909	0.01136
rotifer_0.02_8x	0.00915	0.01112	0.01236	0.0046	0.01032	0.01208	0.01331	0.00553	0.01217	0.01428	0.0152	0.00764	0.01408	0.01607	0.01713	0.00946	0.01619	0.01787	0.01914	0.01148	0.0181	0.01993	0.021	0.01346	0.0	0.0	0.0	0.0	0.0085	0.01021	0.01137	0.00358
rotifer_0.0_1x	0.00109	0.0009	0.00084	0.0	0.00191	0.00179	0.00177	0.0	0.00406	0.00418	0.0038	0.0	0.00592	0.00579	0.00566	0.0	0.00805	0.00799	0.00782	0.0	0.00989	0.00982	0.00949	0.0	0.02016	0.01973	0.01956	0.00857	0.0	0.0	0.0	0.0
rotifer_0.0_2x	0.00096	0.00076	0.00059	0.0	0.00191	0.00179	0.0016	0.0	0.00391	0.0039	0.00353	0.0	0.00591	0.00568	0.00554	0.0	0.00794	0.00776	0.00763	0.0	0.0099	0.00976	0.0094	0.0	0.01991	0.0195	0.01932	0.01018	0.0	0.0	0.0	0.0
rotifer_0.0_4x	0.00076	0.00064	0.00043	0.0	0.00178	0.00163	0.00139	0.0	0.00371	0.00382	0.00338	0.0	0.00588	0.00561	0.00523	0.0	0.0078	0.00759	0.00741	0.0	0.00986	0.00968	0.00924	0.00134	0.01991	0.01936	0.01908	0.0113	0.0	0.0	0.0	0.0
rotifer_0.0_8x	0.0	0.0	0.0	0.0	0.0	0.0	0.0	0.0	0.0	0.0	0.0	0.0	0.0	0.0	0.0	0.0	0.0	0.0	0.0	0.0	0.0	0.0	0.0013	0.0	0.00906	0.01036	0.01144	0.00359	0.0	0.0	0.0	0.0
