sample	nematode_0.001_1x	nematode_0.001_2x	nematode_0.001_4x	nematode_0.001_8x	nematode_0.002_1x	nematode_0.002_2x	nematode_0.002_4x	nematode_0.002_8x	nematode_0.004_1x	nematode_0.004_2x	nematode_0.004_4x	nematode_0.004_8x	nematode_0.006_1x	nematode_0.006_2x	nematode_0.006_4x	nematode_0.006_8x	nematode_0.008_1x	nematode_0.008_2x	nematode_0.008_4x	nematode_0.008_8x	nematode_0.01_1x	nematode_0.01_2x	nematode_0.01_4x	nematode_0.01_8x	nematode_0.02_1x	nematode_0.02_2x	nematode_0.02_4x	nematode_0.02_8x	nematode_0.0_1x	nematode_0.0_2x	nematode_0.0_4x	nematode_0.0_8x
nematode_0.001_1x	0.0	0.0	0.0	0.0	0.00332	0.00289	0.00276	0.0	0.00513	0.00495	0.00463	0.0	0.00701	0.00682	0.00645	0.0	0.00894	0.0089	0.00839	0.0	0.01101	0.01062	0.0101	0.0	0.02007	0.01992	0.0193	0.00781	0.00128	0.00111	0.00073	0.0
nematode_0.001_2x	0.0	0.0	0.0	0.0	0.00274	0.00245	0.00214	0.0	0.00472	0.00449	0.00406	0.0	0.00655	0.00625	0.00585	0.0	0.00853	0.00836	0.00785	0.0	0.01057	0.01032	0.00972	0.0	0.01993	0.01956	0.01895	0.00928	0.00081	0.00053	0.0	0.0
nematode_0.001_4x	0.0	0.0	0.0	0.0	0.00283	0.00225	0.0019	0.0	0.00468	0.00439	0.0039	0.0	0.00654	0.0062	0.00568	0.0	0.00854	0.00826	0.00777	0.0	0.01065	0.01013	0.00959	0.00108	0.01999	0.01956	0.01899	0.0107	0.00073	0.0	0.0	0.0
nematode_0.001_8x	0.0	0.0	0.0	0.0	0.0	0.0	0.0	0.0	0.0	0.0	0.0	0.0	0.0	0.0	0.0	0.0	0.0	0.0	0.0	0.0	0.0	0.00039	0.00151	0.0	0.00896	0.01058	0.0115	0.00324	0.0	0.0	0.0	0.0
nematode_0.002_1x	0.00332	0.00275	0.00282	0.0	0.0	0.0	0.0	0.0	0.00596	0.00608	0.00566	0.0	0.00778	0.00751	0.0074	0.0	0.00983	0.00971	0.00932	0.0	0.0118	0.01143	0.011	0.0	0.02086	0.02074	0.02022	0.00867	0.00219	0.00205	0.00161	0.0
nematode_0.002_2x	0.00288	0.00245	0.00223	0.0	0.0	0.0	0.0	0.0	0.00568	0.00558	0.00506	0.0	0.00755	0.00733	0.00685	0.0	0.00955	0.00946	0.00891	0.0	0.01151	0.01129	0.01063	0.0008	0.02079	0.02054	0.01987	0.0103	0.00206	0.00156	0.00116	0.0
nematode_0.002_4x	0.00276	0.00215	0.00189	0.0	0.0	0.0	0.0	0.0	0.00548	0.00525	0.00475	0.0	0.00749	0.00703	0.00663	0.0	0.00941	0.00906	0.0086	0.0	0.01128	0.01101	0.01033	0.00193	0.02083	0.0204	0.01979	0.0116	0.00166	0.00123	0.00078	0.0
nematode_0.002_8x	0.0	0.0	0.0	0.0	0.0	0.0	0.0	0.0	0.0	0.0	0.0	0.0	0.0	0.0	0.0	0.0	0.0	0.0	0.00052	0.0	0.0	0.00136	0.00236	0.0	0.0098	0.01142	0.01233	0.00419	0.0	0.0	0.0	0.0
nematode_0.004_1x	0.00512	0.00474	0.00466	0.0	0.00596	0.00571	0.00547	0.0	0.0	0.0	0.0	0.0	0.00965	0.00966	0.00917	0.0	0.0115	0.01151	0.01093	0.0	0.01321	0.01328	0.01293	0.00115	0.02267	0.02265	0.02192	0.01064	0.00432	0.00381	0.00355	0.0
nematode_0.004_2x	0.00491	0.00448	0.00434	0.0	0.00603	0.00557	0.00521	0.0	0.0	0.0	0.0	0.0	0.00954	0.00947	0.00896	0.0	0.01176	0.01137	0.01091	0.00104	0.01355	0.01331	0.01263	0.00289	0.02261	0.02254	0.02185	0.01241	0.00389	0.00363	0.00328	0.0
nematode_0.004_4x	0.00462	0.00407	0.00388	0.0	0.00565	0.00507	0.00473	0.0	0.0	0.0	0.0	0.0	0.00932	0.00896	0.00848	0.0	0.0112	0.01102	0.01046	0.00203	0.01327	0.01283	0.01229	0.0039	0.02258	0.02212	0.0216	0.01342	0.00366	0.00322	0.00276	0.0
nematode_0.004_8x	0.0	0.0	0.0	0.0	0.0	0.0	0.0	0.0	0.0	0.0	0.0	0.0	0.0	0.0	0.0	0.0	0.0	0.00132	0.00226	0.0	0.00161	0.00322	0.00425	0.0	0.01148	0.01317	0.01406	0.00593	0.0	0.0	0.0	0.0
nematode_0.006_1x	0.007	0.00658	0.00652	0.0	0.00778	0.00759	0.00748	0.0	0.00965	0.00961	0.00934	0.0	0.0	0.0	0.0	0.0	0.01318	0.01335	0.01288	0.00124	0.01529	0.01516	0.01477	0.00309	0.02394	0.02428	0.02373	0.01253	0.00592	0.00583	0.00553	0.0
nematode_0.006_2x	0.00676	0.00623	0.00614	0.0	0.00745	0.00731	0.00697	0.0	0.00959	0.00947	0.00892	0.0	0.0	0.0	0.0	0.0	0.01325	0.01319	0.0126	0.00287	0.01532	0.01501	0.01438	0.00471	0.02439	0.02422	0.02362	0.0142	0.00566	0.00538	0.0051	0.0
nematode_0.006_4x	0.00644	0.00587	0.00565	0.0	0.00739	0.00686	0.00661	0.0	0.00914	0.00899	0.00848	0.0	0.0	0.0	0.0	0.0	0.01286	0.01276	0.01215	0.00386	0.01503	0.01467	0.01401	0.00577	0.02411	0.02377	0.02326	0.01521	0.00529	0.0049	0.00466	0.0
nematode_0.006_8x	0.0	0.0	0.0	0.0	0.0	0.0	0.0	0.0	0.0	0.0	0.0	0.0	0.0	0.0	0.0	0.0	0.00144	0.00322	0.00411	0.0	0.00361	0.00513	0.00607	0.0	0.01332	0.01491	0.01586	0.00788	0.0	0.0	0.0	0.0
nematode_0.008_1x	0.00894	0.00857	0.00852	0.0	0.00982	0.0096	0.0094	0.0	0.0115	0.01185	0.01123	0.0	0.01318	0.01335	0.0129	0.00141	0.0	0.0	0.0	0.0	0.017	0.01681	0.01651	0.00489	0.02591	0.0261	0.0256	0.01451	0.00775	0.00789	0.00744	0.0
nematode_0.008_2x	0.00883	0.00833	0.00818	0.0	0.00963	0.00944	0.00899	0.0	0.01142	0.01137	0.01098	0.00128	0.01324	0.01318	0.01271	0.00315	0.0	0.0	0.0	0.0	0.01684	0.0169	0.0163	0.00663	0.02626	0.02582	0.02526	0.01604	0.00759	0.00761	0.00713	0.0
nematode_0.008_4x	0.00837	0.00787	0.00773	0.0	0.0093	0.00893	0.00857	0.0005	0.0109	0.01096	0.01046	0.00221	0.01284	0.01265	0.01215	0.00404	0.0	0.0	0.0	0.0	0.01676	0.01647	0.01589	0.0077	0.0259	0.02544	0.02498	0.01703	0.0073	0.00703	0.00657	0.0
nematode_0.008_8x	0.0	0.0	0.0	0.0	0.0	0.0	0.0	0.0	0.0	0.00107	0.00206	0.0	0.00126	0.00294	0.00393	0.0	0.0	0.0	0.0	0.0	0.00538	0.00696	0.00788	0.0	0.01499	0.01647	0.01743	0.00955	0.0	0.0	0.0	0.0
nematode_0.01_1x	0.011	0.01061	0.01062	0.0	0.01179	0.01156	0.01127	0.0	0.0132	0.01365	0.0133	0.00158	0.01527	0.01543	0.01508	0.00354	0.01699	0.01697	0.01681	0.00528	0.0	0.0	0.0	0.0	0.02776	0.02785	0.02726	0.01628	0.00974	0.00965	0.00953	0.0
nematode_0.01_2x	0.01053	0.01029	0.01004	0.00038	0.01134	0.01127	0.01092	0.00132	0.01317	0.0133	0.01278	0.00314	0.01503	0.015	0.01461	0.00501	0.01667	0.0169	0.01641	0.0068	0.0	0.0	0.0	0.0	0.02774	0.02757	0.02708	0.01789	0.00938	0.00922	0.00897	0.0
nematode_0.01_4x	0.01006	0.00974	0.00954	0.00148	0.01097	0.01065	0.01029	0.00231	0.01288	0.01268	0.01229	0.00418	0.01472	0.01443	0.01402	0.00597	0.01645	0.01636	0.01589	0.00775	0.0	0.0	0.0	0.0	0.02769	0.02714	0.02675	0.01884	0.00891	0.00871	0.00839	0.00055
nematode_0.01_8x	0.0	0.0	0.00109	0.0	0.0	0.00082	0.00196	0.0	0.00117	0.00295	0.00396	0.0	0.00314	0.00481	0.00585	0.0	0.00497	0.00677	0.00781	0.0	0.0	0.0	0.0	0.0	0.01679	0.01827	0.01929	0.01137	0.0	0.0	0.0	0.0
nematode_0.02_1x	0.02005	0.02004	0.01998	0.00878	0.02085	0.02091	0.02084	0.00961	0.02266	0.02279	0.02268	0.01129	0.02394	0.02459	0.02422	0.01312	0.02591	0.02648	0.02601	0.01478	0.02776	0.02797	0.02781	0.0166	0.0	0.0	0.0	0.0	0.01901	0.01925	0.01896	0.00791
nematode_0.02_2x	0.01975	0.01951	0.0194	0.01031	0.02055	0.0205	0.02026	0.01114	0.02246	0.02254	0.02205	0.01287	0.02407	0.02422	0.02369	0.0146	0.02588	0.02582	0.02535	0.01614	0.02762	0.02757	0.02705	0.01795	0.0	0.0	0.0	0.0	0.01855	0.01879	0.01845	0.00946
nematode_0.02_4x	0.01921	0.01898	0.01891	0.01128	0.02013	0.0199	0.01973	0.0121	0.02183	0.02193	0.02161	0.01382	0.02363	0.02371	0.02327	0.01561	0.0255	0.02535	0.02499	0.01716	0.02715	0.02719	0.02676	0.01903	0.0	0.0	0.0	0.0	0.01802	0.01828	0.01794	0.01043
nematode_0.02_8x	0.00791	0.00944	0.01081	0.00322	0.00878	0.01047	0.01172	0.00416	0.01077	0.01264	0.01361	0.00591	0.01268	0.01446	0.01542	0.00786	0.01468	0.01633	0.01727	0.00953	0.01648	0.01822	0.01911	0.01137	0.0	0.0	0.0	0.0	0.00678	0.00861	0.00983	0.00235
nematode_0.0_1x	0.00128	0.00082	0.00072	0.0	0.00219	0.00207	0.00166	0.0	0.00432	0.00392	0.00367	0.0	0.00592	0.0057	0.0053	0.0	0.00775	0.00765	0.00732	0.0	0.00975	0.00946	0.00893	0.0	0.01903	0.01872	0.0181	0.00669	0.0	0.0	0.0	0.0
nematode_0.0_2x	0.0011	0.00053	0.0	0.0	0.00205	0.00156	0.00122	0.0	0.0038	0.00364	0.00322	0.0	0.0058	0.0054	0.0049	0.0	0.00786	0.00764	0.00702	0.0	0.00962	0.00925	0.00869	0.0	0.01915	0.01884	0.01825	0.00847	0.0	0.0	0.0	0.0
nematode_0.0_4x	0.00073	0.0	0.0	0.0	0.00162	0.00117	0.00078	0.0	0.00356	0.00332	0.00278	0.0	0.00555	0.00515	0.00468	0.0	0.00747	0.00721	0.00661	0.0	0.00956	0.00906	0.00844	0.0	0.01899	0.01861	0.01803	0.00975	0.0	0.0	0.0	0.0
nematode_0.0_8x	0.0	0.0	0.0	0.0	0.0	0.0	0.0	0.0	0.0	0.0	0.0	0.0	0.0	0.0	0.0	0.0	0.0	0.0	0.0	0.0	0.0	0.0	0.00056	0.0	0.00809	0.00972	0.01065	0.00237	0.0	0.0	0.0	0.0
