sample	rotifer_0.05_1x_1	rotifer_0.05_2x_1	rotifer_0.05_4x_1	rotifer_0.05_8x_1	rotifer_0.0_1x_1	rotifer_0.0_2x_1	rotifer_0.0_4x_1	rotifer_0.0_8x_1	rotifer_0.15_1x_1	rotifer_0.15_2x_1	rotifer_0.15_4x_1	rotifer_0.15_8x_1	rotifer_0.1_1x_1	rotifer_0.1_2x_1	rotifer_0.1_4x_1	rotifer_0.1_8x_1	rotifer_0.2_1x_1	rotifer_0.2_2x_1	rotifer_0.2_4x_1	rotifer_0.2_8x_1
rotifer_0.05_1x_1	0.0	0.0	0.0	0.0	0.04926910109748064	0.050514899786334944	0.05060815315412637	0.050541281363784545	0.17793900455725736	0.17803862852772787	0.17755884750399217	0.1778378297502728	0.13511115892353606	0.1361436422076536	0.1353256611827574	0.13389593813332198	0.22947499698364143	0.2258888146785653	0.22583363239725618	0.22508640540416838
rotifer_0.05_2x_1	0.0	0.0	0.0	0.0	0.04935722791185027	0.05038504231251691	0.050730077353247804	0.05070395079562205	0.17393424381435532	0.17596043849782955	0.1755344780851909	0.17624080174094128	0.1345505029191836	0.13752403322415285	0.1357081503608747	0.13424428022035673	0.22183676595636892	0.22182615691658802	0.22095234430085622	0.21840302177218268
rotifer_0.05_4x_1	0.0	0.0	0.0	0.0	0.048999037605734846	0.04946082003323731	0.04985875615983267	0.049570793205205375	0.1751288595640557	0.17750807755964912	0.1765074455909306	0.1776891073957786	0.1355900458543148	0.1368250796362731	0.13572258097220974	0.13488374905719733	0.223968001935072	0.21940834237213147	0.21664416874212444	0.2145599065711726
rotifer_0.05_8x_1	0.0	0.0	0.0	0.0	0.04851496866816965	0.04940124308716766	0.049595200995285464	0.049582533772075985	0.17857170879651735	0.1779964393280206	0.17727169653908853	0.17816373588425563	0.13715696130495508	0.1367029668786537	0.13622595418043798	0.13558474260571404	0.22660304758342	0.2175471423485237	0.2152555432010622	0.21231605313276505
rotifer_0.0_1x_1	0.04927026615458482	0.05040559621255688	0.05033546290461693	0.04974004716598094	0.0	0.0	0.0	0.0	0.14733339764229356	0.1467157188584691	0.1478356814522433	0.14709576022004223	0.09909588711930487	0.10015808913385083	0.09953780626024408	0.09867588631503768	0.19111687837020808	0.19412832448769138	0.19200339313869583	0.19057413815777527
rotifer_0.0_2x_1	0.04962491259559559	0.05054692054422303	0.04992728740207222	0.04977130295979113	0.0	0.0	0.0	0.0	0.14403473123302118	0.14892181385017372	0.1485499750933202	0.14825085827908493	0.09937667407192506	0.10039793520298994	0.10010465667537068	0.09921222118098028	0.19789790728884085	0.1957822544274087	0.19300043871183492	0.19367050305658842
rotifer_0.0_4x_1	0.049373787845509345	0.05052777870999051	0.04996555563117972	0.04960732870572267	0.0	0.0	0.0	0.0	0.1462139400255344	0.1487417905743689	0.14856148989893134	0.14930460343090052	0.09921331908711208	0.10007788981718273	0.0992502556022056	0.09829057830600783	0.19297384572780113	0.19400866123591823	0.195822178851181	0.19470246669585234
rotifer_0.0_8x_1	0.04949937066875251	0.05069132224731989	0.04986030739281111	0.04977664217953055	0.0	0.0	0.0	0.0	0.1470533521470625	0.14754626945406715	0.14789075079521724	0.14827580400132365	0.09918003652423794	0.09986013196633389	0.098929718704224	0.09807307429629586	0.19272579964349157	0.19715084321952597	0.19585033161862078	0.1971288579952309
rotifer_0.15_1x_1	0.1779697494316054	0.17583182832629257	0.1772555137424051	0.1801566132436928	0.14735817447348212	0.14550933737769028	0.14811330846482854	0.14829153887847438	0.0	0.0	0.0	0.0	0.21188001028758033	0.2119798252789854	0.21968705027692004	0.23061585742550006	1.0	1.0	1.0	1.0
rotifer_0.15_2x_1	0.17612892574725342	0.17591775732361314	0.17768786380211116	0.17764730872195533	0.1448339848021439	0.1484813888536282	0.14872416517414327	0.1468743478228148	0.0	0.0	0.0	0.0	0.21782426498623692	0.21575065168814087	0.22086022351445683	0.22557336235324923	1.0	1.0	1.0	1.0
rotifer_0.15_4x_1	0.17544968171338468	0.17528990777122333	0.1764931163439338	0.17673275707627864	0.14566091852301602	0.14782193582877884	0.14825764046129436	0.1469283498564591	0.0	0.0	0.0	0.0	0.2127584363224026	0.21270856460215018	0.2221827830998183	0.22738960441944153	1.0	1.0	1.0	1.0
rotifer_0.15_8x_1	0.17619467946830328	0.17646390597884437	0.17814472990645805	0.17809121600654826	0.14527725873271338	0.1478863237481133	0.14936730279786775	0.14767457881108145	0.0	0.0	0.0	0.0	0.21514219412488406	0.21588159645932992	0.22803892422103203	0.22249405561520633	1.0	1.0	0.2881949981690238	0.2866769423506746
rotifer_0.1_1x_1	0.13513706760414182	0.1363942660232373	0.1377757391324722	0.1389686525279813	0.09911501650475772	0.1007451121899524	0.10104881587569912	0.10059624308594266	0.21187943396232486	0.2197464643845007	0.21474469605699695	0.21651416065130177	0.0	0.0	0.0	0.0	0.25348176948614315	0.25772676524224275	0.2576860956695399	0.2546790562404762
rotifer_0.1_2x_1	0.13429866080853933	0.13749561640724173	0.13713694907407045	0.136644366577972	0.09850134311080738	0.10008318384341648	0.10023917249977625	0.09960627933234553	0.21006014459846195	0.21575996170754308	0.21277901560679507	0.21533368539880857	0.0	0.0	0.0	0.0	0.28185242791051257	0.2543108103430529	0.26195292236310685	0.2595504693200138
rotifer_0.1_4x_1	0.1331584959291682	0.13535481210795902	0.13571258819563903	0.13584765054666217	0.09752289506286062	0.0994181710145538	0.09904068521948002	0.09831296022329516	0.21772547061858297	0.2208329362760011	0.222184687919571	0.2273900803794049	0.0	0.0	0.0	0.0	0.2656483988026775	0.24525744379389267	0.2564558974368151	0.2544904577957732
rotifer_0.1_8x_1	0.132044753137747	0.13420741725363833	0.13519523569621014	0.13553149887549162	0.09687287585046368	0.09873410264618887	0.09828647152194134	0.0976654820166408	0.2293677023800919	0.2262136313996331	0.2280453835597341	0.22249892845600944	0.0	0.0	0.0	0.0	0.26345159337613266	0.2435069464113299	0.2552463575686019	0.25365771063014436
rotifer_0.2_1x_1	0.22952123387568946	0.22371511039890873	0.22589417517748717	0.2278002362568697	0.19115510884815146	0.1992925012323924	0.19467468924884143	0.19352661383001105	1.0	1.0	1.0	1.0	0.2534937967788855	0.28371078264874827	0.2673831810718781	0.2644196988018104	0.0	0.0	0.0	0.0
rotifer_0.2_2x_1	0.2240276661605776	0.22179555172804027	0.2194464241340625	0.21691117049861694	0.19223721553580067	0.19525444153050248	0.1937758490771378	0.19597509045381095	1.0	1.0	1.0	1.0	0.2558649790543269	0.25432361475744286	0.2452098258091282	0.24275810245530763	0.0	0.0	0.0	0.0
rotifer_0.2_4x_1	0.2239298723542809	0.22086664719591978	0.21662162955698588	0.21455973645839788	0.18994076479277255	0.19231559218456046	0.19542832584101005	0.19453818786004848	1.0	1.0	1.0	0.28732610124826696	0.25590614005204604	0.2620714015620198	0.25644764025318467	0.2544869885670342	0.0	0.0	0.0	0.0
rotifer_0.2_8x_1	0.22383192281502065	0.2189423795028797	0.21515683035663247	0.21224065847787926	0.18903045287191733	0.1935267400435559	0.19485479007181247	0.1963593415645657	1.0	1.0	1.0	0.28668957524086686	0.25364509100324867	0.260444864395442	0.25524752843984694	0.25366360005417987	0.0	0.0	0.0	0.0
