sample	nematode_0.001_1x	nematode_0.001_2x	nematode_0.001_4x	nematode_0.001_8x	nematode_0.002_1x	nematode_0.002_2x	nematode_0.002_4x	nematode_0.002_8x	nematode_0.004_1x	nematode_0.004_2x	nematode_0.004_4x	nematode_0.004_8x	nematode_0.006_1x	nematode_0.006_2x	nematode_0.006_4x	nematode_0.006_8x	nematode_0.008_1x	nematode_0.008_2x	nematode_0.008_4x	nematode_0.008_8x	nematode_0.01_1x	nematode_0.01_2x	nematode_0.01_4x	nematode_0.01_8x	nematode_0.02_1x	nematode_0.02_2x	nematode_0.02_4x	nematode_0.02_8x	nematode_0.0_1x	nematode_0.0_2x	nematode_0.0_4x	nematode_0.0_8x
nematode_0.001_1x	0.0	0.0	0.0	0.0	0.00311	0.00289	0.00256	0.0	0.00504	0.00499	0.0045	0.0	0.00674	0.00677	0.00619	0.0	0.00852	0.0085	0.00822	0.0	0.01066	0.01027	0.00986	0.0	0.01999	0.01986	0.01887	0.00763	0.00103	0.00091	0.0006	0.0
nematode_0.001_2x	0.0	0.0	0.0	0.0	0.00289	0.00244	0.00209	0.0	0.00477	0.00466	0.004	0.0	0.0066	0.00646	0.00586	0.0	0.00859	0.00825	0.00776	0.0	0.01046	0.00992	0.00937	0.0	0.02012	0.01975	0.01873	0.00916	0.00079	0.0005	0.0	0.0
nematode_0.001_4x	0.0	0.0	0.0	0.0	0.0027	0.00221	0.00187	0.0	0.0045	0.00428	0.00378	0.0	0.00627	0.00624	0.00557	0.0	0.00842	0.00807	0.00764	0.0	0.01029	0.00982	0.00917	0.0009	0.01976	0.01957	0.01869	0.01043	0.00059	0.0	0.0	0.0
nematode_0.001_8x	0.0	0.0	0.0	0.0	0.0	0.0	0.0	0.0	0.0	0.0	0.0	0.0	0.0	0.0	0.0	0.0	0.0	0.0	0.0	0.0	0.0	0.0	0.00129	0.0	0.00904	0.01074	0.01127	0.00317	0.0	0.0	0.0	0.0
nematode_0.002_1x	0.00311	0.0029	0.00269	0.0	0.0	0.0	0.0	0.0	0.00604	0.00596	0.00555	0.0	0.0076	0.00778	0.00734	0.0	0.00965	0.00974	0.00932	0.0	0.0116	0.01127	0.01069	0.0	0.02101	0.02071	0.01982	0.00861	0.00216	0.00198	0.00173	0.0
nematode_0.002_2x	0.00287	0.00243	0.00219	0.0	0.0	0.0	0.0	0.0	0.0057	0.00562	0.00508	0.0	0.00742	0.00762	0.00691	0.0	0.00953	0.00937	0.00887	0.0	0.01133	0.01102	0.01031	0.00066	0.02105	0.02064	0.01976	0.01019	0.00177	0.00151	0.00125	0.0
nematode_0.002_4x	0.00257	0.00211	0.00186	0.0	0.0	0.0	0.0	0.0	0.00554	0.00535	0.0048	0.0	0.00716	0.00723	0.00655	0.0	0.00951	0.00906	0.00864	0.0	0.01108	0.01067	0.01005	0.00184	0.02079	0.02053	0.01964	0.0114	0.00156	0.00114	0.00088	0.0
nematode_0.002_8x	0.0	0.0	0.0	0.0	0.0	0.0	0.0	0.0	0.0	0.0	0.0	0.0	0.0	0.0	0.0	0.0	0.0	0.0	0.00057	0.0	0.0	0.00122	0.00218	0.0	0.00995	0.01158	0.0121	0.0041	0.0	0.0	0.0	0.0
nematode_0.004_1x	0.00504	0.00479	0.00448	0.0	0.00603	0.00573	0.00553	0.0	0.0	0.0	0.0	0.0	0.00967	0.00962	0.00924	0.0	0.01142	0.01139	0.01093	0.0	0.01337	0.01322	0.01253	0.00118	0.02275	0.02255	0.02144	0.01037	0.00392	0.00389	0.00362	0.0
nematode_0.004_2x	0.00496	0.00465	0.00423	0.0	0.00592	0.00561	0.0053	0.0	0.0	0.0	0.0	0.0	0.00948	0.00966	0.00909	0.0	0.01152	0.0113	0.01098	0.00105	0.01341	0.013	0.01245	0.00283	0.02293	0.02261	0.02167	0.01223	0.00391	0.00374	0.00332	0.0
nematode_0.004_4x	0.00449	0.00401	0.00376	0.0	0.00554	0.0051	0.00478	0.0	0.0	0.0	0.0	0.0	0.00901	0.0091	0.00843	0.0	0.01124	0.01079	0.01037	0.00202	0.01296	0.01255	0.01198	0.00378	0.02231	0.02222	0.02131	0.01312	0.00342	0.00308	0.00283	0.0
nematode_0.004_8x	0.0	0.0	0.0	0.0	0.0	0.0	0.0	0.0	0.0	0.0	0.0	0.0	0.0	0.0	0.0	0.0	0.0	0.00115	0.00232	0.0	0.00152	0.00298	0.00398	0.0	0.0116	0.01329	0.01383	0.00583	0.0	0.0	0.0	0.0
nematode_0.006_1x	0.00673	0.00663	0.00624	0.0	0.00759	0.00746	0.00715	0.0	0.00967	0.00955	0.00903	0.0	0.0	0.0	0.0	0.0	0.01315	0.01298	0.01259	0.00095	0.0148	0.01459	0.0142	0.00271	0.02436	0.02408	0.02318	0.01201	0.00566	0.00557	0.0053	0.0
nematode_0.006_2x	0.00672	0.00644	0.00618	0.0	0.00771	0.0076	0.00717	0.0	0.00955	0.00966	0.00907	0.0	0.0	0.0	0.0	0.0	0.0132	0.01306	0.0127	0.00289	0.01517	0.01464	0.01424	0.00464	0.02453	0.02433	0.02335	0.014	0.00578	0.00558	0.00534	0.0
nematode_0.006_4x	0.00617	0.00587	0.00554	0.0	0.00733	0.00692	0.00653	0.0	0.00922	0.00913	0.00843	0.0	0.0	0.0	0.0	0.0	0.01289	0.01263	0.01219	0.00388	0.01461	0.01427	0.01377	0.00563	0.02394	0.02387	0.02294	0.01496	0.00525	0.00496	0.00468	0.0
nematode_0.006_8x	0.0	0.0	0.0	0.0	0.0	0.0	0.0	0.0	0.0	0.0	0.0	0.0	0.0	0.0	0.0	0.0	0.00136	0.00298	0.00415	0.0	0.00329	0.00483	0.00585	0.0	0.0134	0.01508	0.01563	0.00768	0.0	0.0	0.0	0.0
nematode_0.008_1x	0.00851	0.00862	0.0084	0.0	0.00964	0.00958	0.00949	0.0	0.01142	0.01161	0.01127	0.0	0.01315	0.0133	0.01293	0.00134	0.0	0.0	0.0	0.0	0.01689	0.01691	0.01646	0.00499	0.02612	0.02597	0.02521	0.01401	0.00781	0.00768	0.00744	0.0
nematode_0.008_2x	0.00843	0.00823	0.00799	0.0	0.00966	0.00935	0.00898	0.0	0.0113	0.0113	0.01075	0.00112	0.01288	0.01306	0.01258	0.00291	0.0	0.0	0.0	0.0	0.01666	0.01667	0.01603	0.00659	0.02585	0.02587	0.02495	0.01557	0.00749	0.00732	0.00706	0.0
nematode_0.008_4x	0.0082	0.00778	0.0076	0.0	0.0093	0.00889	0.00861	0.00056	0.01089	0.01102	0.01037	0.00228	0.01255	0.01276	0.01219	0.00407	0.0	0.0	0.0	0.0	0.01636	0.01625	0.01568	0.00772	0.02557	0.02566	0.02481	0.01686	0.00722	0.00692	0.00669	0.0
nematode_0.008_8x	0.0	0.0	0.0	0.0	0.0	0.0	0.0	0.0	0.0	0.00108	0.00205	0.0	0.00096	0.00296	0.00395	0.0	0.0	0.0	0.0	0.0	0.00503	0.00675	0.0077	0.0	0.01489	0.01669	0.01735	0.00939	0.0	0.0	0.0	0.0
nematode_0.01_1x	0.01065	0.01051	0.01027	0.0	0.01159	0.01138	0.01106	0.0	0.01336	0.01351	0.013	0.00149	0.0148	0.01529	0.01466	0.00322	0.01688	0.01679	0.01641	0.00494	0.0	0.0	0.0	0.0	0.02774	0.02767	0.0269	0.01591	0.00978	0.00962	0.00928	0.0
nematode_0.01_2x	0.01019	0.00989	0.00973	0.0	0.01117	0.011	0.01059	0.00119	0.01311	0.013	0.01249	0.00291	0.01447	0.01463	0.01422	0.00472	0.01678	0.01666	0.01619	0.0066	0.0	0.0	0.0	0.0	0.02775	0.02755	0.02669	0.01751	0.00945	0.00907	0.00879	0.0
nematode_0.01_4x	0.00983	0.00938	0.00913	0.00127	0.01066	0.01034	0.01002	0.00214	0.01249	0.0125	0.01198	0.0039	0.01415	0.0143	0.01377	0.00575	0.0164	0.01609	0.01568	0.00757	0.0	0.0	0.0	0.0	0.02745	0.02714	0.02633	0.01858	0.0089	0.00851	0.00826	0.00035
nematode_0.01_8x	0.0	0.0	0.00091	0.0	0.0	0.00067	0.00186	0.0	0.0012	0.00289	0.00384	0.0	0.00275	0.00474	0.00572	0.0	0.00507	0.00672	0.00783	0.0	0.0	0.0	0.0	0.0	0.01681	0.01837	0.01902	0.01121	0.0	0.0	0.0	0.0
nematode_0.02_1x	0.01997	0.02023	0.01975	0.00886	0.02099	0.02117	0.0208	0.00976	0.02274	0.02311	0.0224	0.01141	0.02435	0.02473	0.02405	0.0132	0.02612	0.02607	0.02568	0.01468	0.02774	0.02799	0.02757	0.01662	0.0	0.0	0.0	0.0	0.0192	0.01928	0.01905	0.00802
nematode_0.02_2x	0.01968	0.0197	0.01941	0.01046	0.02052	0.0206	0.02038	0.0113	0.02235	0.02261	0.02215	0.01299	0.02388	0.02433	0.02379	0.01476	0.02576	0.02587	0.02558	0.01635	0.02745	0.02755	0.02705	0.01804	0.0	0.0	0.0	0.0	0.01883	0.01876	0.01859	0.00962
nematode_0.02_4x	0.01879	0.01875	0.01862	0.01105	0.01973	0.0198	0.01958	0.01187	0.02135	0.02175	0.02132	0.01359	0.02309	0.02344	0.02295	0.01538	0.02511	0.02505	0.02482	0.01708	0.02679	0.02679	0.02634	0.01876	0.0	0.0	0.0	0.0	0.01801	0.01784	0.01774	0.01021
nematode_0.02_8x	0.00773	0.00932	0.01053	0.00315	0.00872	0.01037	0.01152	0.00408	0.0105	0.01246	0.01331	0.00581	0.01216	0.01426	0.01517	0.00766	0.01418	0.01586	0.0171	0.00937	0.0161	0.01783	0.01884	0.01121	0.0	0.0	0.0	0.0	0.00687	0.00834	0.00968	0.00226
nematode_0.0_1x	0.00103	0.0008	0.00059	0.0	0.00216	0.00178	0.00156	0.0	0.00392	0.00394	0.00342	0.0	0.00566	0.00582	0.00526	0.0	0.00782	0.00755	0.00724	0.0	0.00979	0.00953	0.00893	0.0	0.01922	0.019	0.01808	0.00678	0.0	0.0	0.0	0.0
nematode_0.0_2x	0.00091	0.0005	0.0	0.0	0.00197	0.00151	0.00114	0.0	0.00388	0.00376	0.00307	0.0	0.00555	0.00559	0.00496	0.0	0.00765	0.00735	0.00691	0.0	0.00958	0.0091	0.0085	0.0	0.01918	0.01882	0.01782	0.0082	0.0	0.0	0.0	0.0
nematode_0.0_4x	0.0006	0.0	0.0	0.0	0.00174	0.00127	0.00089	0.0	0.00364	0.00336	0.00285	0.0	0.00533	0.00539	0.00471	0.0	0.00747	0.00714	0.00673	0.0	0.00932	0.00889	0.0083	0.0	0.01909	0.01876	0.01783	0.0096	0.0	0.0	0.0	0.0
nematode_0.0_8x	0.0	0.0	0.0	0.0	0.0	0.0	0.0	0.0	0.0	0.0	0.0	0.0	0.0	0.0	0.0	0.0	0.0	0.0	0.0	0.0	0.0	0.0	0.00036	0.0	0.00819	0.00988	0.01042	0.00227	0.0	0.0	0.0	0.0
