sample	leech_0.001_1x	leech_0.001_2x	leech_0.001_4x	leech_0.001_8x	leech_0.002_1x	leech_0.002_2x	leech_0.002_4x	leech_0.002_8x	leech_0.004_1x	leech_0.004_2x	leech_0.004_4x	leech_0.004_8x	leech_0.006_1x	leech_0.006_2x	leech_0.006_4x	leech_0.006_8x	leech_0.008_1x	leech_0.008_2x	leech_0.008_4x	leech_0.008_8x	leech_0.01_1x	leech_0.01_2x	leech_0.01_4x	leech_0.01_8x	leech_0.02_1x	leech_0.02_2x	leech_0.02_4x	leech_0.02_8x	leech_0.0_1x	leech_0.0_2x	leech_0.0_4x	leech_0.0_8x
leech_0.001_1x	0.0	0.0	0.0	0.0	0.00286	0.00306	0.00303	0.00295	0.00503	0.00473	0.00482	0.00481	0.0068	0.00685	0.00671	0.00676	0.00886	0.00898	0.00893	0.00887	0.01054	0.01077	0.0109	0.01088	0.02058	0.02057	0.02071	0.02072	0.00075	0.00077	0.00087	0.00076
leech_0.001_2x	0.0	0.0	0.0	0.0	0.00274	0.00283	0.00285	0.00279	0.00491	0.00464	0.00473	0.00468	0.00653	0.00662	0.00659	0.00668	0.00863	0.00879	0.00871	0.00869	0.01067	0.01055	0.01069	0.0107	0.02035	0.02041	0.02072	0.02066	0.0008	0.00067	0.00077	0.00069
leech_0.001_4x	0.0	0.0	0.0	0.0	0.00267	0.00278	0.00295	0.00286	0.00492	0.00471	0.00483	0.00479	0.00669	0.00674	0.00667	0.00681	0.00869	0.00876	0.0088	0.00878	0.01089	0.01069	0.01079	0.01087	0.02036	0.02055	0.02069	0.0206	0.00075	0.00081	0.00081	0.00081
leech_0.001_8x	0.0	0.0	0.0	0.0	0.00278	0.00297	0.00303	0.00292	0.00508	0.00481	0.00491	0.00491	0.00678	0.00683	0.00679	0.00684	0.00878	0.00888	0.00892	0.00881	0.01088	0.01086	0.01092	0.01091	0.02068	0.02076	0.02074	0.02077	0.00093	0.00092	0.00093	0.00091
leech_0.002_1x	0.00286	0.00276	0.00271	0.0028	0.0	0.0	0.0	0.0	0.00584	0.0056	0.00574	0.00572	0.00798	0.0077	0.00767	0.00776	0.00976	0.00969	0.00981	0.00964	0.01143	0.01161	0.01161	0.01158	0.02136	0.02162	0.02193	0.0218	0.00179	0.0018	0.00189	0.00175
leech_0.002_2x	0.00303	0.00283	0.00279	0.00296	0.0	0.0	0.0	0.0	0.00594	0.00578	0.00588	0.00592	0.00765	0.00778	0.0078	0.00794	0.00966	0.00984	0.00986	0.00983	0.01182	0.0118	0.01183	0.01189	0.02128	0.02153	0.02176	0.02171	0.00191	0.00187	0.0019	0.0019
leech_0.002_4x	0.00299	0.00284	0.00295	0.00302	0.0	0.0	0.0	0.0	0.00621	0.00591	0.00594	0.00593	0.0079	0.00794	0.00782	0.00792	0.00991	0.00997	0.00994	0.00991	0.01194	0.01191	0.01188	0.01198	0.02154	0.02176	0.02188	0.02181	0.00204	0.00194	0.00202	0.00194
leech_0.002_8x	0.00293	0.00279	0.00287	0.00292	0.0	0.0	0.0	0.0	0.00614	0.00584	0.00593	0.00586	0.00774	0.00783	0.00781	0.0078	0.00978	0.00994	0.00993	0.0098	0.01181	0.01185	0.01191	0.0118	0.02164	0.02178	0.02166	0.02167	0.00199	0.00193	0.00196	0.00189
leech_0.004_1x	0.00503	0.00495	0.00498	0.00513	0.00584	0.006	0.00628	0.00619	0.0	0.0	0.0	0.0	0.00984	0.00984	0.00985	0.0099	0.01221	0.01198	0.01206	0.012	0.01376	0.01386	0.01412	0.01409	0.02357	0.02342	0.02395	0.02398	0.00389	0.00396	0.00408	0.00404
leech_0.004_2x	0.00469	0.00464	0.00473	0.00481	0.00555	0.00578	0.00592	0.00583	0.0	0.0	0.0	0.0	0.00947	0.00975	0.00964	0.00968	0.01156	0.01168	0.01175	0.01171	0.01343	0.01361	0.01374	0.01374	0.02314	0.02317	0.0234	0.02326	0.00377	0.00373	0.00376	0.00371
leech_0.004_4x	0.00476	0.00472	0.00483	0.00489	0.00567	0.00586	0.00594	0.00591	0.0	0.0	0.0	0.0	0.00973	0.00975	0.00969	0.00974	0.01183	0.01177	0.01188	0.01179	0.01374	0.01365	0.01377	0.01383	0.02339	0.02344	0.02376	0.02354	0.00377	0.00385	0.00386	0.00383
leech_0.004_8x	0.00477	0.00469	0.00481	0.00491	0.00567	0.00592	0.00595	0.00586	0.0	0.0	0.0	0.0	0.00964	0.00978	0.00967	0.00974	0.0117	0.01182	0.01187	0.01184	0.01371	0.01369	0.01379	0.01373	0.02344	0.02356	0.02367	0.02364	0.00387	0.00382	0.00387	0.00386
leech_0.006_1x	0.0068	0.0066	0.00677	0.00684	0.00798	0.00772	0.008	0.00781	0.00984	0.00956	0.00985	0.00972	0.0	0.0	0.0	0.0	0.01352	0.01368	0.01353	0.01349	0.01533	0.01537	0.01571	0.01569	0.02465	0.02486	0.02525	0.02522	0.00565	0.00564	0.00589	0.00576
leech_0.006_2x	0.00679	0.00662	0.00676	0.00683	0.00763	0.00778	0.00797	0.00782	0.00975	0.00975	0.00978	0.00977	0.0	0.0	0.0	0.0	0.01338	0.01364	0.01366	0.01357	0.01552	0.01552	0.01564	0.01568	0.02504	0.02514	0.0254	0.02543	0.00562	0.00575	0.00577	0.00579
leech_0.006_4x	0.00663	0.00657	0.00667	0.00677	0.00758	0.00778	0.00782	0.00778	0.00973	0.00961	0.00969	0.00963	0.0	0.0	0.0	0.0	0.01335	0.01352	0.01356	0.01346	0.01537	0.01535	0.01548	0.01551	0.025	0.02522	0.02534	0.02523	0.00561	0.00569	0.00574	0.00571
leech_0.006_8x	0.00671	0.00668	0.00683	0.00685	0.00769	0.00795	0.00795	0.0078	0.00981	0.00969	0.00978	0.00974	0.0	0.0	0.0	0.0	0.0134	0.01365	0.01366	0.01354	0.01549	0.01556	0.01563	0.01556	0.02527	0.02539	0.02535	0.02546	0.00583	0.00578	0.00587	0.00579
leech_0.008_1x	0.00886	0.00872	0.0088	0.00886	0.00976	0.00976	0.01003	0.00987	0.01221	0.01167	0.01198	0.0118	0.01352	0.01351	0.01352	0.01352	0.0	0.0	0.0	0.0	0.01761	0.0175	0.01748	0.01748	0.02696	0.02693	0.02739	0.02727	0.00782	0.00782	0.00789	0.00775
leech_0.008_2x	0.0089	0.0088	0.00879	0.00887	0.0096	0.00984	0.01001	0.00993	0.01187	0.01168	0.01181	0.01182	0.01355	0.01364	0.01357	0.01364	0.0	0.0	0.0	0.0	0.01757	0.01759	0.01769	0.01777	0.02725	0.02724	0.0275	0.02738	0.00796	0.0079	0.00794	0.00783
leech_0.008_4x	0.00882	0.00868	0.0088	0.00889	0.00969	0.00983	0.00994	0.0099	0.01192	0.01172	0.01188	0.01183	0.01337	0.01362	0.01356	0.01361	0.0	0.0	0.0	0.0	0.01769	0.01758	0.01765	0.01768	0.02721	0.02744	0.02758	0.02739	0.00777	0.00782	0.00791	0.00787
leech_0.008_8x	0.00879	0.00869	0.00882	0.00881	0.00956	0.00983	0.00994	0.00981	0.0119	0.01171	0.01183	0.01184	0.01337	0.01358	0.01351	0.01354	0.0	0.0	0.0	0.0	0.01758	0.01756	0.01762	0.01765	0.02733	0.02745	0.02751	0.02745	0.00771	0.00787	0.00789	0.00784
leech_0.01_1x	0.01054	0.01077	0.01102	0.01098	0.01143	0.01193	0.01209	0.01191	0.01376	0.01356	0.01391	0.01383	0.01532	0.01567	0.01556	0.01562	0.01761	0.01774	0.0179	0.01772	0.0	0.0	0.0	0.0	0.02885	0.02886	0.02928	0.02917	0.00956	0.0097	0.01002	0.00991
leech_0.01_2x	0.01067	0.01055	0.01073	0.01085	0.0115	0.0118	0.01195	0.01184	0.01373	0.01361	0.01369	0.01369	0.01522	0.01552	0.0154	0.01555	0.01733	0.01759	0.01764	0.01755	0.0	0.0	0.0	0.0	0.02888	0.02918	0.02936	0.02919	0.00964	0.00969	0.00983	0.00977
leech_0.01_4x	0.01077	0.01066	0.01079	0.01088	0.01147	0.01179	0.01188	0.01187	0.01394	0.0137	0.01378	0.01374	0.01552	0.01559	0.01548	0.01558	0.01726	0.01763	0.01765	0.01755	0.0	0.0	0.0	0.0	0.02887	0.02929	0.0294	0.0292	0.00977	0.00977	0.00985	0.00981
leech_0.01_8x	0.01079	0.0107	0.01092	0.01091	0.01148	0.0119	0.01203	0.0118	0.01398	0.01375	0.01388	0.01374	0.01556	0.01569	0.01557	0.01556	0.01733	0.01778	0.01775	0.01765	0.0	0.0	0.0	0.0	0.02925	0.02937	0.02936	0.02935	0.00985	0.00991	0.00997	0.0099
leech_0.02_1x	0.02058	0.02054	0.02061	0.02085	0.02136	0.02148	0.0218	0.02182	0.02356	0.02335	0.02367	0.02363	0.02464	0.02527	0.02529	0.02548	0.02696	0.02749	0.02752	0.02754	0.02885	0.02914	0.02921	0.02947	0.0	0.0	0.0	0.0	0.0196	0.01947	0.01977	0.01982
leech_0.02_2x	0.02038	0.02042	0.02063	0.02075	0.02143	0.02153	0.02183	0.02178	0.02321	0.02318	0.02352	0.02355	0.02463	0.02515	0.0253	0.02538	0.02669	0.02724	0.02752	0.02743	0.02861	0.02919	0.02938	0.02936	0.0	0.0	0.0	0.0	0.01944	0.01952	0.01983	0.01977
leech_0.02_4x	0.02047	0.02066	0.0207	0.02067	0.02168	0.0217	0.02189	0.02159	0.02368	0.02334	0.02377	0.02359	0.02496	0.02533	0.02535	0.02527	0.02707	0.02743	0.02759	0.02742	0.02895	0.02928	0.02941	0.02927	0.0	0.0	0.0	0.0	0.01962	0.01973	0.0199	0.01969
leech_0.02_8x	0.02056	0.02069	0.02068	0.02078	0.02163	0.02174	0.0219	0.02168	0.0238	0.02328	0.02364	0.02365	0.02503	0.02546	0.02534	0.02547	0.02706	0.02741	0.0275	0.02746	0.02896	0.02922	0.02932	0.02936	0.0	0.0	0.0	0.0	0.0198	0.01984	0.01987	0.01976
leech_0.0_1x	0.00075	0.00081	0.00075	0.00094	0.00179	0.00193	0.00207	0.00201	0.00389	0.0038	0.00381	0.0039	0.00565	0.00567	0.00568	0.00588	0.00782	0.00804	0.00786	0.00778	0.00957	0.00973	0.00989	0.00993	0.0196	0.01961	0.01985	0.01996	0.0	0.0	0.0	0.0
leech_0.0_2x	0.00077	0.00067	0.00081	0.00092	0.00178	0.00187	0.00195	0.00192	0.00392	0.00373	0.00387	0.00381	0.00558	0.00575	0.00571	0.00577	0.00775	0.0079	0.00784	0.00787	0.0096	0.00969	0.0098	0.0099	0.01929	0.01951	0.01978	0.01982	0.0	0.0	0.0	0.0
leech_0.0_4x	0.00086	0.00076	0.00081	0.00092	0.00187	0.00189	0.00202	0.00196	0.00402	0.00375	0.00385	0.00385	0.00582	0.00575	0.00574	0.00585	0.00779	0.00791	0.00791	0.00786	0.0099	0.00979	0.00985	0.00993	0.01953	0.01976	0.01989	0.01979	0.0	0.0	0.0	0.0
leech_0.0_8x	0.00075	0.00069	0.00081	0.00091	0.00174	0.0019	0.00195	0.00189	0.00401	0.00371	0.00384	0.00386	0.00571	0.0058	0.00573	0.00579	0.00769	0.00783	0.0079	0.00784	0.00982	0.00977	0.00984	0.0099	0.01965	0.01978	0.01975	0.01975	0.0	0.0	0.0	0.0
