sample	club-moss_0.001_1x	club-moss_0.001_2x	club-moss_0.001_4x	club-moss_0.001_8x	club-moss_0.002_1x	club-moss_0.002_2x	club-moss_0.002_4x	club-moss_0.002_8x	club-moss_0.004_1x	club-moss_0.004_2x	club-moss_0.004_4x	club-moss_0.004_8x	club-moss_0.006_1x	club-moss_0.006_2x	club-moss_0.006_4x	club-moss_0.006_8x	club-moss_0.008_1x	club-moss_0.008_2x	club-moss_0.008_4x	club-moss_0.008_8x	club-moss_0.01_1x	club-moss_0.01_2x	club-moss_0.01_4x	club-moss_0.01_8x	club-moss_0.02_1x	club-moss_0.02_2x	club-moss_0.02_4x	club-moss_0.02_8x	club-moss_0.0_1x	club-moss_0.0_2x	club-moss_0.0_4x	club-moss_0.0_8x
club-moss_0.001_1x	0.0	0.0	0.00608	0.01027	0.00256	0.00235	0.00854	0.01233	0.00423	0.00389	0.01013	0.01342	0.00579	0.00531	0.01174	0.01478	0.00776	0.00727	0.01306	0.01599	0.00909	0.00855	0.01462	0.01728	0.01727	0.01705	0.02165	0.02371	0.00086	0.00064	0.00663	0.01108
club-moss_0.001_2x	0.0	0.0	0.00399	0.00806	0.00203	0.00167	0.00628	0.01018	0.00388	0.00335	0.00779	0.01119	0.00535	0.00487	0.00921	0.01243	0.00727	0.00669	0.01056	0.01362	0.00866	0.00823	0.012	0.01488	0.01709	0.0168	0.01902	0.02129	0.0	0.0	0.00465	0.00896
club-moss_0.001_4x	0.00601	0.00407	0.0	0.00675	0.0083	0.00648	0.00738	0.0105	0.00996	0.00804	0.0086	0.01136	0.01118	0.00932	0.00981	0.01232	0.01309	0.01122	0.01096	0.01326	0.01437	0.01252	0.01225	0.0144	0.0226	0.02089	0.01875	0.02066	0.00635	0.00496	0.00629	0.00967
club-moss_0.001_8x	0.01066	0.00864	0.00706	0.0	0.01297	0.01115	0.0109	0.01442	0.01463	0.01276	0.01191	0.01499	0.01594	0.01394	0.01291	0.01575	0.01778	0.01606	0.01387	0.01651	0.01914	0.01716	0.01515	0.01758	0.02717	0.02578	0.02134	0.02352	0.01096	0.00955	0.0103	0.01393
club-moss_0.002_1x	0.00256	0.0021	0.00842	0.01253	0.0	0.0	0.00647	0.01038	0.00493	0.0045	0.01079	0.01428	0.0065	0.00592	0.01239	0.01561	0.00824	0.00791	0.01395	0.01686	0.00973	0.00938	0.01534	0.0181	0.01792	0.01782	0.02247	0.0245	0.0016	0.0013	0.00743	0.01188
club-moss_0.002_2x	0.00227	0.00167	0.00636	0.01045	0.0	0.0	0.00408	0.00789	0.00447	0.00397	0.00854	0.01199	0.00605	0.00553	0.0099	0.01322	0.00798	0.00744	0.01132	0.01439	0.00942	0.00901	0.01276	0.01574	0.01767	0.01724	0.01969	0.02197	0.00113	0.00089	0.00547	0.00979
club-moss_0.002_4x	0.00838	0.00637	0.00735	0.01039	0.00636	0.00415	0.0	0.00491	0.01071	0.00878	0.009	0.01161	0.01193	0.01005	0.01023	0.01245	0.01384	0.01193	0.01136	0.01348	0.01511	0.01322	0.01259	0.01466	0.02327	0.02135	0.01896	0.02069	0.00722	0.00571	0.00677	0.00996
club-moss_0.002_8x	0.01275	0.01086	0.01095	0.0144	0.01074	0.00842	0.00515	0.0	0.01512	0.01327	0.01209	0.01509	0.01641	0.01441	0.01313	0.01583	0.01828	0.01647	0.01416	0.01657	0.01963	0.01757	0.0154	0.01771	0.02761	0.02615	0.02146	0.02355	0.01157	0.01005	0.01054	0.01406
club-moss_0.004_1x	0.00425	0.00402	0.01013	0.01418	0.00494	0.00463	0.01094	0.0147	0.0	0.0	0.00673	0.01004	0.00844	0.00794	0.0142	0.01714	0.00995	0.00967	0.01555	0.01816	0.01125	0.01099	0.01694	0.01954	0.01914	0.01905	0.02372	0.02582	0.00335	0.00327	0.00916	0.01343
club-moss_0.004_2x	0.00378	0.00337	0.00792	0.01201	0.00437	0.00399	0.00869	0.01252	0.0	0.0	0.00408	0.00758	0.00757	0.00727	0.01151	0.01492	0.00966	0.00906	0.01289	0.01594	0.01097	0.01053	0.01422	0.01717	0.01906	0.01892	0.02133	0.02368	0.00271	0.00257	0.00709	0.01144
club-moss_0.004_4x	0.00989	0.00786	0.00851	0.01129	0.01052	0.0086	0.00895	0.01148	0.00655	0.00411	0.0	0.00177	0.01334	0.01137	0.01125	0.01324	0.01523	0.01321	0.01236	0.01408	0.0165	0.01444	0.01349	0.01518	0.02435	0.02265	0.01975	0.02128	0.00872	0.00717	0.00788	0.01077
club-moss_0.004_8x	0.0138	0.01187	0.01179	0.01492	0.01467	0.0127	0.01211	0.01504	0.01033	0.00804	0.00186	0.0	0.01744	0.01545	0.0139	0.01632	0.01912	0.01746	0.01485	0.01712	0.02062	0.0186	0.01593	0.01812	0.02861	0.02717	0.02206	0.02404	0.01265	0.01116	0.01148	0.01463
club-moss_0.006_1x	0.00583	0.00556	0.0114	0.0155	0.00653	0.00629	0.01222	0.01599	0.00847	0.00784	0.01374	0.01707	0.0	0.0	0.0065	0.00964	0.01169	0.01107	0.01654	0.01942	0.01282	0.01232	0.01795	0.02075	0.02058	0.02041	0.02485	0.02706	0.00526	0.00483	0.0104	0.01475
club-moss_0.006_2x	0.00518	0.00491	0.00921	0.01316	0.00576	0.00556	0.00998	0.01364	0.00771	0.00729	0.01135	0.01469	0.0	0.0	0.00364	0.00685	0.01087	0.01045	0.01404	0.01693	0.01235	0.0119	0.01534	0.01827	0.02037	0.02005	0.0223	0.02456	0.00429	0.00419	0.00846	0.01262
club-moss_0.006_4x	0.01149	0.00931	0.00974	0.01228	0.01211	0.01	0.0102	0.01251	0.01385	0.01158	0.01128	0.01329	0.00634	0.00367	0.0	0.0	0.01659	0.01473	0.01336	0.01497	0.01794	0.01588	0.01455	0.01614	0.02577	0.02389	0.02059	0.02191	0.01031	0.00869	0.00923	0.01192
club-moss_0.006_8x	0.01512	0.01312	0.01274	0.01562	0.01595	0.01393	0.01293	0.01573	0.01748	0.01567	0.01382	0.01627	0.00985	0.00722	0.0	0.0	0.02039	0.01859	0.01568	0.0177	0.02177	0.01978	0.01683	0.01866	0.02976	0.02814	0.02273	0.02437	0.01393	0.01246	0.01247	0.01536
club-moss_0.008_1x	0.00782	0.00758	0.01337	0.01733	0.0083	0.0083	0.0142	0.01787	0.01	0.01002	0.01571	0.01876	0.01171	0.01125	0.01708	0.0201	0.0	0.0	0.00686	0.00953	0.01436	0.01434	0.02005	0.0225	0.02219	0.02206	0.0267	0.02868	0.00688	0.00688	0.01247	0.01664
club-moss_0.008_2x	0.0071	0.00675	0.01111	0.01522	0.00772	0.0075	0.01188	0.01564	0.00941	0.0091	0.01322	0.01666	0.01074	0.01048	0.01471	0.01782	0.0	0.0	0.00374	0.00665	0.01381	0.01364	0.01734	0.02009	0.02181	0.02155	0.02404	0.02632	0.00613	0.00603	0.01033	0.01451
club-moss_0.008_4x	0.01281	0.0107	0.0109	0.01323	0.01366	0.01144	0.01135	0.01354	0.0152	0.013	0.01242	0.01425	0.01613	0.01412	0.01339	0.0151	0.00669	0.00376	0.0	0.0	0.01925	0.01705	0.0156	0.017	0.02683	0.02522	0.02135	0.02268	0.01181	0.01008	0.01042	0.01294
club-moss_0.008_8x	0.0163	0.01432	0.01367	0.01634	0.01716	0.01511	0.01396	0.01642	0.01844	0.01667	0.01465	0.01702	0.01967	0.01765	0.01553	0.01766	0.00968	0.00696	0.0	0.0	0.02289	0.02064	0.01752	0.01932	0.0304	0.02896	0.02332	0.02503	0.01517	0.01369	0.01338	0.01599
club-moss_0.01_1x	0.00918	0.00905	0.01471	0.01871	0.00982	0.00982	0.01554	0.01923	0.01133	0.0114	0.01706	0.02029	0.01287	0.0128	0.0185	0.02151	0.0144	0.01429	0.01981	0.02269	0.0	0.0	0.00672	0.00946	0.02361	0.02344	0.0281	0.03015	0.00827	0.0085	0.01387	0.01804
club-moss_0.01_2x	0.00837	0.00833	0.01244	0.01631	0.00917	0.0091	0.01319	0.01674	0.01072	0.0106	0.01449	0.01779	0.01198	0.01196	0.0159	0.019	0.01393	0.01367	0.01703	0.0199	0.0	0.0	0.00336	0.00616	0.02323	0.02295	0.02514	0.02732	0.00735	0.00762	0.01171	0.01579
club-moss_0.01_4x	0.01436	0.01217	0.01222	0.01449	0.01506	0.01292	0.01261	0.01476	0.01659	0.01436	0.01358	0.01532	0.01754	0.01545	0.01461	0.01624	0.01956	0.01743	0.01563	0.01696	0.00656	0.00338	0.0	0.0	0.02833	0.02652	0.02243	0.02355	0.01322	0.01157	0.01176	0.01417
club-moss_0.01_8x	0.0176	0.01563	0.01483	0.01739	0.0184	0.01649	0.01516	0.01755	0.01983	0.01793	0.01577	0.01801	0.021	0.01903	0.01673	0.0186	0.02272	0.02086	0.01758	0.01931	0.00958	0.00644	0.0	0.0	0.03182	0.03014	0.02426	0.02589	0.01658	0.015	0.01455	0.01726
club-moss_0.02_1x	0.01759	0.01796	0.02332	0.02683	0.01823	0.01855	0.0241	0.02731	0.01943	0.01995	0.02533	0.02841	0.02084	0.02126	0.02675	0.02965	0.02243	0.0227	0.02777	0.03038	0.02381	0.02411	0.02926	0.03182	0.0	0.0	0.00654	0.00852	0.01683	0.01731	0.02236	0.0261
club-moss_0.02_2x	0.01683	0.01712	0.02094	0.02481	0.01757	0.01755	0.02149	0.02521	0.01875	0.0192	0.02291	0.02629	0.02005	0.0203	0.0241	0.02733	0.02163	0.02177	0.0254	0.0282	0.02295	0.02314	0.02666	0.02938	0.0	0.0	0.00274	0.00502	0.01577	0.01632	0.0202	0.02423
club-moss_0.02_4x	0.02144	0.01942	0.01885	0.02062	0.02224	0.02008	0.01913	0.02078	0.02343	0.02169	0.02003	0.02143	0.02451	0.02262	0.02083	0.02216	0.02629	0.02435	0.02155	0.02279	0.02763	0.02541	0.0226	0.02373	0.00638	0.00276	0.0	0.0	0.02043	0.01884	0.01853	0.02032
club-moss_0.02_8x	0.02427	0.02243	0.02136	0.02339	0.02505	0.02311	0.02149	0.02346	0.02635	0.02483	0.02221	0.02401	0.02754	0.02568	0.0228	0.02442	0.02914	0.02745	0.02355	0.02514	0.03057	0.02844	0.02441	0.02602	0.00861	0.00523	0.0	0.0	0.02329	0.02183	0.02113	0.02325
club-moss_0.0_1x	0.00086	0.0	0.00642	0.01055	0.0016	0.00117	0.00734	0.01117	0.00333	0.00279	0.00893	0.01227	0.00522	0.0044	0.01053	0.01359	0.00682	0.00627	0.01203	0.01486	0.00818	0.00751	0.01345	0.01627	0.01651	0.01596	0.02061	0.02273	0.0	0.0	0.00542	0.00989
club-moss_0.0_2x	0.00062	0.0	0.00485	0.0089	0.00125	0.00089	0.00562	0.0094	0.00314	0.00255	0.00709	0.01049	0.00463	0.00415	0.00858	0.01178	0.00658	0.00596	0.00994	0.01299	0.00812	0.00752	0.01139	0.01426	0.01644	0.01599	0.01842	0.02069	0.0	0.0	0.00388	0.00821
club-moss_0.0_4x	0.00658	0.00477	0.00631	0.0099	0.00737	0.0056	0.00683	0.01015	0.00905	0.00723	0.00799	0.01111	0.01025	0.0086	0.00933	0.01211	0.01226	0.01048	0.01051	0.01303	0.01361	0.01184	0.01184	0.01419	0.02176	0.02023	0.01851	0.02051	0.00539	0.00399	0.0	0.00889
club-moss_0.0_8x	0.01152	0.00962	0.01013	0.01396	0.01233	0.01048	0.01048	0.01411	0.01389	0.01219	0.01139	0.01472	0.01521	0.0134	0.01256	0.01551	0.01711	0.01535	0.0136	0.01619	0.0185	0.01666	0.01485	0.01748	0.02649	0.02524	0.02107	0.02342	0.01031	0.00884	0.00927	0.0
