sample	SRR1607326	SRR1607327	SRR1607330	SRR1607332	SRR1607334	SRR1607336	SRR1607337	SRR1607342	SRR1607343
SRR1607326	0.0	0.0005	0.00152	0.00105	0.00059	0.00053	0.00068	0.00074	0.00119
SRR1607327	0.0005	0.0	0.00064	0.0011	0.00056	0.00044	0.00064	0.00078	0.00095
SRR1607330	0.00152	0.00064	0.0	0.00183	0.00101	0.00112	0.00069	0.00108	0.0009
SRR1607332	0.00105	0.0011	0.00183	0.0	0.00089	0.00078	0.00081	0.00076	0.00176
SRR1607334	0.00059	0.00056	0.00101	0.00089	0.0	0.00047	0.00034	0.00086	0.00125
SRR1607336	0.00053	0.00044	0.00112	0.00078	0.00047	0.0	0.00051	0.00063	0.00138
SRR1607337	0.00068	0.00064	0.00069	0.00081	0.00034	0.00051	0.0	0.00077	0.00083
SRR1607342	0.00074	0.00078	0.00108	0.00076	0.00086	0.00063	0.00077	0.0	0.00119
SRR1607343	0.00119	0.00095	0.0009	0.00176	0.00125	0.00138	0.00083	0.00119	0.0
