sample	SRR1607365	SRR1607369	SRR1607372	SRR1607373	SRR1607375	SRR1607377	SRR1607380	SRR1607382	SRR1607384
SRR1607365	0.0	0.01021	0.00859	0.00821	0.00817	0.0077	0.00515	0.00804	0.00839
SRR1607369	0.01021	0.0	0.00904	0.0091	0.00872	0.00874	0.00613	0.00881	0.00925
SRR1607372	0.00859	0.00904	0.0	0.00757	0.0072	0.00692	0.00416	0.00729	0.00768
SRR1607373	0.00821	0.0091	0.00757	0.0	0.00715	0.00667	0.00391	0.00695	0.00721
SRR1607375	0.00817	0.00872	0.0072	0.00715	0.0	0.00669	0.00357	0.00694	0.00725
SRR1607377	0.0077	0.00874	0.00692	0.00667	0.00669	0.0	0.00324	0.00643	0.00664
SRR1607380	0.00515	0.00613	0.00416	0.00391	0.00357	0.00324	0.0	0.00351	0.00386
SRR1607382	0.00804	0.00881	0.00729	0.00695	0.00694	0.00643	0.00351	0.0	0.00704
SRR1607384	0.00839	0.00925	0.00768	0.00721	0.00725	0.00664	0.00386	0.00704	0.0
