sample	SRR1607346	SRR1607348	SRR1607350	SRR1607351	SRR1607356	SRR1607357	SRR1607359	SRR1607361	SRR1607363
SRR1607346	0.0	0.00681	0.0062	0.00345	0.00561	0.00685	0.00766	0.00544	0.00252
SRR1607348	0.00681	0.0	0.00767	0.00513	0.00713	0.00834	0.00905	0.00696	0.00416
SRR1607350	0.0062	0.00767	0.0	0.00443	0.0065	0.00777	0.00848	0.00633	0.00351
SRR1607351	0.00345	0.00513	0.00443	0.0	0.00379	0.00493	0.00596	0.0037	0.00031
SRR1607356	0.00561	0.00713	0.0065	0.00379	0.0	0.00716	0.00794	0.00577	0.00286
SRR1607357	0.00685	0.00834	0.00777	0.00493	0.00716	0.0	0.0092	0.00702	0.00416
SRR1607359	0.00766	0.00905	0.00848	0.00596	0.00794	0.0092	0.0	0.00775	0.00515
SRR1607361	0.00544	0.00696	0.00633	0.0037	0.00577	0.00702	0.00775	0.0	0.00264
SRR1607363	0.00252	0.00416	0.00351	0.00031	0.00286	0.00416	0.00515	0.00264	0.0
