sample	SRR1607346	SRR1607348	SRR1607350	SRR1607351	SRR1607354	SRR1607356	SRR1607357	SRR1607359	SRR1607363
SRR1607346	0.0	0	0	0.00022	4e-05	1e-05	0	0	0
SRR1607348	0	0.0	0	0.00026	0.00013	1e-05	0	0.0	1e-05
SRR1607350	0	0	0.0	0.00025	0.0001	2e-05	0	1e-05	7e-05
SRR1607351	0.00022	0.00026	0.00025	0.0	0.00044	0.00024	0	0.0003	0.00032
SRR1607354	4e-05	0.00013	0.0001	0.00044	0.0	0	0.00012	0.00014	0.00017
SRR1607356	1e-05	1e-05	2e-05	0.00024	0	0.0	0	6e-05	7e-05
SRR1607357	0	0	0	0	0.00012	0	0.0	0	1e-05
SRR1607359	0	0.0	1e-05	0.0003	0.00014	6e-05	0	0.0	0.00012
SRR1607363	0	1e-05	7e-05	0.00032	0.00017	7e-05	1e-05	0.00012	0.0
