sample	SRR10727867	SRR10727874	SRR10727875	SRR7296837	SRR7296908	SRR7296922	SRR7296925	SRR7296926	SRR7296936	SRR7296939	SRR7296941	SRR7297019	SRR7297028	SRR7297029	SRR7297030	SRR7297031	SRR7297032	SRR7297033	SRR7297034	SRR7297035	SRR7297062	SRR7297120	SRR7297148	SRR7297180	SRR7297282	SRR7297335	SRR7297404	SRR7297609	SRR7297615	SRR7297630	SRR7297632	SRR7297637	SRR7297639	SRR7297640	SRR7297642	SRR7297643	SRR8201154	SRR8809771	SRR8810286	SRR9647357	SRR9647438	SRR9647439	SRR9647576
SRR10727867	0.0	0.00939	0.00795	0.00855	0.00826	0.00747	0.00782	0.01073	0.00726	0.00922	0.00983	0.00715	0.00643	0.00668	0.00761	0.00967	0.00711	0.00841	0.00654	0.0074	0.0068	0.00699	0.00784	0.00933	0.00713	0.00915	0.00753	0.00795	0.00801	0.0075	0.00748	0.00913	0.00836	0.00901	0.0088	0.00818	0.00868	0.00065	0.0	0.00965	0.00055	0.0	0.00809
SRR10727874	0.00935	0.0	0.00099	0.0047	0.00568	0.00632	0.00899	0.00422	0.00786	0.0058	0.0102	0.00589	0.0076	0.00842	0.00945	0.00984	0.00824	0.00527	0.00886	0.00852	0.00762	0.00537	0.00362	0.00843	0.00559	0.00963	0.00762	0.00814	0.00808	0.00807	0.00791	0.00904	0.01	0.00898	0.00914	0.00917	0.00924	0.00968	0.00985	0.00511	0.00944	0.00946	0.00208
SRR10727875	0.00792	0.00099	0.0	0.00371	0.00407	0.0053	0.00746	0.00264	0.00668	0.00437	0.0083	0.00416	0.0059	0.00706	0.0076	0.0082	0.00668	0.00425	0.00707	0.00694	0.00549	0.00411	0.00254	0.00668	0.00386	0.0076	0.00577	0.00667	0.00672	0.00617	0.00625	0.00701	0.00855	0.00757	0.00745	0.00734	0.00776	0.00774	0.00816	0.00299	0.00853	0.00843	0.00058
SRR7296837	0.00842	0.00465	0.00367	0.0	0.0026	0.00476	0.00784	0.00507	0.00767	0.00395	0.00981	0.00376	0.00604	0.00701	0.00822	0.00791	0.00659	0.00236	0.00721	0.00795	0.00644	0.00352	0.00236	0.00648	0.00366	0.00793	0.00666	0.00691	0.00799	0.00687	0.00745	0.00857	0.00905	0.00896	0.00724	0.00695	0.00785	0.00843	0.00853	0.0068	0.00857	0.00848	0.00399
SRR7296908	0.00814	0.00562	0.00403	0.00261	0.0	0.00435	0.00728	0.00592	0.00731	0.00415	0.00938	0.00343	0.00595	0.00699	0.00729	0.00818	0.00639	0.00346	0.00665	0.00736	0.00606	0.00333	0.00169	0.00529	0.0035	0.00809	0.00512	0.00701	0.00765	0.00564	0.00707	0.00861	0.00911	0.00898	0.00738	0.00698	0.00651	0.00812	0.00835	0.0069	0.00845	0.00858	0.00387
SRR7296922	0.00754	0.0064	0.00537	0.00487	0.00445	0.0	0.00612	0.0078	0.00642	0.00502	0.00833	0.00233	0.00471	0.00572	0.00667	0.00647	0.00494	0.00383	0.00591	0.00621	0.00517	0.0014	0.00377	0.00589	0.00188	0.00642	0.00661	0.00505	0.00611	0.00675	0.00576	0.00687	0.00818	0.00721	0.00552	0.00551	0.00763	0.00765	0.00807	0.00756	0.00787	0.008	0.00568
SRR7296925	0.00778	0.00898	0.00745	0.00792	0.00734	0.00604	0.0	0.00932	0.00677	0.0096	0.00898	0.00695	0.00599	0.00648	0.00695	0.00621	0.00551	0.00831	0.00654	0.00557	0.00227	0.00624	0.00622	0.0068	0.0065	0.00636	0.00123	0.00477	0.00328	0.00151	0.00369	0.00408	0.00846	0.0041	0.00549	0.00595	0.00626	0.00771	0.00754	0.00991	0.00767	0.00755	0.00802
SRR7296926	0.01065	0.0042	0.00263	0.0051	0.00596	0.00767	0.0093	0.0	0.00949	0.00451	0.01025	0.0067	0.00917	0.00986	0.00995	0.01006	0.00949	0.00563	0.0097	0.00952	0.00791	0.00653	0.00518	0.00585	0.00622	0.00768	0.00784	0.00936	0.00894	0.00817	0.00867	0.0096	0.00777	0.00951	0.01011	0.0095	0.00612	0.01026	0.0107	0.00333	0.01067	0.01039	0.00305
SRR7296936	0.00722	0.00784	0.00667	0.00774	0.00737	0.00633	0.00676	0.0095	0.0	0.00818	0.0082	0.00671	0.00282	0.00336	0.00413	0.00799	0.00311	0.00783	0.00361	0.00251	0.0059	0.00627	0.00673	0.00776	0.00631	0.00825	0.00643	0.0069	0.00722	0.00582	0.00693	0.0077	0.00399	0.00776	0.00723	0.00712	0.00947	0.00678	0.00723	0.00941	0.00773	0.00765	0.00763
SRR7296939	0.00914	0.00577	0.00436	0.00397	0.00417	0.00493	0.00958	0.0045	0.00816	0.0	0.00957	0.00413	0.00665	0.00703	0.00765	0.00766	0.00661	0.0036	0.00697	0.00802	0.0078	0.00436	0.00351	0.00459	0.00416	0.00637	0.00825	0.00748	0.00802	0.00866	0.0077	0.00877	0.00665	0.0092	0.00743	0.0071	0.00559	0.00923	0.00897	0.00554	0.00915	0.00894	0.00515
SRR7296941	0.00976	0.01017	0.00828	0.00989	0.00945	0.0082	0.00897	0.01026	0.00819	0.00958	0.0	0.0073	0.00745	0.0077	0.00915	0.00865	0.00772	0.00916	0.00756	0.00797	0.00787	0.00699	0.00893	0.00967	0.00719	0.00904	0.0086	0.00745	0.0078	0.0096	0.00793	0.00854	0.00936	0.00839	0.00783	0.00747	0.01023	0.00976	0.01004	0.01012	0.00988	0.00946	0.00851
SRR7297019	0.00711	0.00588	0.00416	0.0038	0.00346	0.0023	0.00696	0.00673	0.00672	0.00415	0.00732	0.0	0.00472	0.00574	0.0066	0.00694	0.00535	0.0037	0.00583	0.00657	0.00527	0.00075	0.00303	0.00572	0.00085	0.00738	0.00658	0.0058	0.00645	0.00692	0.00695	0.00767	0.00817	0.00792	0.00623	0.00557	0.00714	0.00697	0.00745	0.00668	0.00729	0.00793	0.00409
SRR7297028	0.00641	0.0076	0.0059	0.00611	0.00601	0.00465	0.006	0.00921	0.00282	0.00668	0.00748	0.00472	0.0	0.00146	0.00275	0.00665	0.00063	0.00681	0.0014	0.00427	0.00485	0.00441	0.00533	0.00677	0.0045	0.00664	0.00515	0.00547	0.00604	0.00609	0.00553	0.00685	0.00441	0.00696	0.00669	0.00559	0.00704	0.00625	0.0061	0.00884	0.00651	0.00644	0.00639
SRR7297029	0.00667	0.00843	0.00708	0.0071	0.00707	0.00566	0.0065	0.00992	0.00338	0.00707	0.00774	0.00575	0.00147	0.0	0.00179	0.00724	0.00138	0.00674	0.00143	0.00423	0.00587	0.00571	0.00649	0.00733	0.00585	0.008	0.00625	0.00667	0.00628	0.00619	0.00567	0.00692	0.00426	0.00652	0.0066	0.00618	0.00778	0.00676	0.00669	0.00969	0.00688	0.00631	0.00758
SRR7297030	0.00759	0.00947	0.00762	0.00832	0.00738	0.0066	0.00697	0.01001	0.00415	0.0077	0.0092	0.00662	0.00276	0.00179	0.0	0.00762	0.00228	0.00725	0.00208	0.00425	0.00699	0.00693	0.00737	0.00801	0.00626	0.00935	0.00665	0.00785	0.00711	0.0066	0.00632	0.00779	0.00548	0.00795	0.00693	0.00708	0.00914	0.00769	0.00719	0.01062	0.00728	0.00677	0.00855
SRR7297031	0.00965	0.00985	0.00821	0.00801	0.00828	0.0064	0.00623	0.01012	0.00802	0.0077	0.00869	0.00695	0.00666	0.00724	0.00761	0.0	0.00678	0.00793	0.00672	0.00601	0.00711	0.00716	0.00711	0.00713	0.00655	0.00385	0.00733	0.0019	0.00361	0.00743	0.00431	0.00451	0.00877	0.00382	0.00244	0.00236	0.00921	0.00942	0.00986	0.01114	0.00963	0.00903	0.00846
SRR7297032	0.00711	0.00827	0.0067	0.00668	0.00647	0.00489	0.00554	0.00956	0.00312	0.00666	0.00776	0.00537	0.00063	0.00138	0.00228	0.00679	0.0	0.00581	0.00054	0.00366	0.00476	0.00498	0.00548	0.00758	0.00482	0.0076	0.00567	0.00571	0.00642	0.00563	0.00567	0.00664	0.00432	0.00634	0.00572	0.0056	0.00715	0.00643	0.00697	0.00917	0.00718	0.00622	0.00685
SRR7297033	0.00837	0.00527	0.00425	0.00238	0.00349	0.00379	0.00832	0.00565	0.00785	0.00361	0.00919	0.0037	0.00681	0.00673	0.00724	0.00792	0.00579	0.0	0.00618	0.00793	0.00675	0.00351	0.00241	0.00642	0.00351	0.00832	0.00679	0.00702	0.00792	0.00745	0.0077	0.00853	0.00845	0.00835	0.00709	0.00628	0.00792	0.00883	0.00913	0.00693	0.00882	0.00837	0.00457
SRR7297034	0.00653	0.00887	0.00708	0.00729	0.00672	0.00584	0.00655	0.00975	0.00362	0.007	0.0076	0.00584	0.0014	0.00143	0.00208	0.00672	0.00054	0.00619	0.0	0.00408	0.00536	0.00567	0.00599	0.0076	0.00533	0.00794	0.00603	0.00587	0.00648	0.00615	0.00514	0.00649	0.00457	0.0069	0.00597	0.00535	0.00883	0.00655	0.00634	0.00878	0.00694	0.00681	0.0071
SRR7297035	0.00738	0.00852	0.00694	0.00804	0.00743	0.00613	0.00558	0.00957	0.00252	0.00806	0.008	0.00658	0.00427	0.00423	0.00425	0.00601	0.00365	0.00794	0.00408	0.0	0.00668	0.00687	0.00706	0.00837	0.00673	0.0073	0.00687	0.00528	0.00579	0.00664	0.00581	0.00523	0.00363	0.00626	0.00545	0.00574	0.00958	0.00739	0.00767	0.0091	0.00711	0.00721	0.00763
SRR7297062	0.0068	0.00765	0.00551	0.00653	0.00614	0.00512	0.00228	0.00797	0.00593	0.00787	0.00792	0.00529	0.00487	0.00588	0.007	0.00713	0.00476	0.00678	0.00537	0.0067	0.0	0.0046	0.00529	0.00598	0.0049	0.00638	0.00069	0.00508	0.00359	0.00209	0.00432	0.00446	0.00701	0.0042	0.00564	0.0052	0.00602	0.00673	0.0069	0.00802	0.00712	0.00726	0.00553
SRR7297120	0.00699	0.00539	0.00413	0.00357	0.00337	0.00139	0.00627	0.00658	0.00631	0.0044	0.00704	0.00075	0.00443	0.00573	0.00695	0.00718	0.00499	0.00353	0.00568	0.00689	0.00461	0.0	0.00266	0.00577	0.00062	0.00711	0.006	0.00616	0.00744	0.00656	0.00621	0.00788	0.00782	0.00764	0.00626	0.00579	0.00711	0.00689	0.00736	0.00593	0.00723	0.00757	0.00423
SRR7297148	0.0078	0.00362	0.00254	0.00239	0.00171	0.00372	0.00622	0.0052	0.00675	0.00353	0.00895	0.00303	0.00533	0.00648	0.00735	0.00709	0.00546	0.00241	0.00598	0.00706	0.00527	0.00265	0.0	0.00419	0.00279	0.00714	0.00498	0.00621	0.00665	0.00473	0.00611	0.00788	0.00832	0.00798	0.00661	0.00657	0.00677	0.00785	0.00786	0.00602	0.00807	0.00837	0.00288
SRR7297180	0.00927	0.00841	0.00667	0.00653	0.00533	0.0058	0.00679	0.00586	0.00775	0.0046	0.00968	0.00571	0.00675	0.0073	0.00798	0.0071	0.00754	0.0064	0.00757	0.00834	0.00594	0.00574	0.00418	0.0	0.00498	0.00517	0.00563	0.00577	0.00665	0.00522	0.00655	0.00769	0.00689	0.00737	0.00675	0.00562	0.00475	0.0098	0.00952	0.00769	0.00993	0.00966	0.00739
SRR7297282	0.00705	0.00555	0.00383	0.00367	0.00351	0.00185	0.00646	0.00619	0.00627	0.00415	0.00716	0.00084	0.00447	0.00579	0.0062	0.00649	0.00477	0.00348	0.00528	0.00667	0.00485	0.00061	0.00277	0.00495	0.0	0.00663	0.00557	0.00551	0.0064	0.00655	0.00569	0.00711	0.00726	0.00734	0.00601	0.00544	0.00708	0.00646	0.00671	0.00589	0.00733	0.0078	0.00402
SRR7297335	0.00906	0.00957	0.00756	0.00797	0.00812	0.0063	0.00633	0.00767	0.00822	0.00636	0.00902	0.00734	0.0066	0.00795	0.00928	0.00383	0.00753	0.00827	0.00789	0.00726	0.00632	0.00704	0.0071	0.00516	0.00665	0.0	0.00726	0.00335	0.00494	0.00757	0.00518	0.00516	0.00731	0.00548	0.0035	0.004	0.00648	0.00896	0.00941	0.00861	0.00966	0.00911	0.00838
SRR7297404	0.00748	0.0076	0.00575	0.00671	0.00515	0.0065	0.00123	0.00784	0.00642	0.00826	0.00859	0.00656	0.00513	0.00622	0.00661	0.00729	0.00564	0.00677	0.00601	0.00684	0.00069	0.00596	0.00496	0.00563	0.0056	0.00728	0.0	0.00575	0.00411	0.00046	0.00422	0.00489	0.00795	0.00508	0.00631	0.00592	0.00476	0.00691	0.00712	0.00823	0.00772	0.0071	0.00634
SRR7297609	0.00791	0.00813	0.00666	0.00697	0.00707	0.00498	0.00477	0.00938	0.0069	0.0075	0.00746	0.00579	0.00546	0.00665	0.00782	0.0019	0.00569	0.00701	0.00586	0.00527	0.00505	0.00613	0.0062	0.00578	0.00554	0.00337	0.00576	0.0	0.00348	0.006	0.00323	0.00332	0.00732	0.00387	0.00184	0.00183	0.00776	0.00783	0.00806	0.00866	0.00779	0.00829	0.00711
SRR7297615	0.00795	0.00805	0.0067	0.00805	0.0077	0.00601	0.00328	0.00895	0.00721	0.00803	0.0078	0.00643	0.00601	0.00625	0.00707	0.0036	0.00638	0.0079	0.00645	0.00576	0.00356	0.00738	0.00663	0.00664	0.00643	0.00495	0.0041	0.00347	0.0	0.00467	0.002	0.00144	0.00878	0.00152	0.00335	0.00322	0.00762	0.00867	0.00831	0.00921	0.00852	0.00834	0.0068
SRR7297630	0.0075	0.0081	0.00619	0.00697	0.00571	0.00668	0.00152	0.00823	0.00585	0.00873	0.00967	0.00695	0.00611	0.0062	0.00661	0.00745	0.00563	0.00747	0.00617	0.00666	0.00209	0.00656	0.00475	0.00525	0.00662	0.00764	0.00046	0.00603	0.0047	0.0	0.00471	0.00532	0.00753	0.00471	0.00661	0.00633	0.00407	0.0073	0.0075	0.00982	0.00786	0.00799	0.00711
SRR7297632	0.00745	0.00791	0.00625	0.00752	0.00714	0.00569	0.00369	0.00871	0.00694	0.00773	0.00795	0.00695	0.00552	0.00566	0.00631	0.00431	0.00565	0.0077	0.00513	0.0058	0.0043	0.00618	0.00611	0.00656	0.00573	0.00521	0.00423	0.00323	0.00201	0.0047	0.0	0.00261	0.00764	0.00258	0.00407	0.00415	0.00729	0.00778	0.00748	0.00852	0.00761	0.00793	0.0069
SRR7297637	0.00909	0.00904	0.007	0.00866	0.00869	0.00678	0.00408	0.00963	0.00771	0.0088	0.00856	0.00767	0.00684	0.00691	0.00777	0.0045	0.00662	0.00853	0.00648	0.00522	0.00444	0.00784	0.00788	0.0077	0.00716	0.00519	0.0049	0.00333	0.00144	0.0053	0.00261	0.0	0.00841	0.0017	0.00366	0.00375	0.0084	0.00931	0.00921	0.00993	0.00975	0.00918	0.00802
SRR7297639	0.00835	0.01003	0.00857	0.00917	0.00923	0.0081	0.0085	0.00783	0.00401	0.0067	0.00941	0.0082	0.00442	0.00427	0.00549	0.00879	0.00432	0.00848	0.00457	0.00364	0.00701	0.00781	0.00835	0.00692	0.00734	0.00738	0.008	0.00735	0.00884	0.00752	0.00767	0.00844	0.0	0.00872	0.00859	0.00767	0.00699	0.0086	0.00837	0.00836	0.00925	0.0086	0.00891
SRR7297640	0.00899	0.00899	0.00757	0.00907	0.00908	0.00712	0.00411	0.00956	0.00779	0.00925	0.00842	0.00793	0.00697	0.00651	0.00794	0.00382	0.00632	0.00836	0.0069	0.00626	0.00419	0.00762	0.00799	0.00739	0.00741	0.00551	0.00509	0.00388	0.00153	0.0047	0.00259	0.0017	0.0087	0.0	0.00359	0.00355	0.00815	0.0088	0.0092	0.01025	0.00946	0.00886	0.00776
SRR7297642	0.00877	0.00916	0.00746	0.00732	0.00746	0.00546	0.0055	0.01016	0.00725	0.00747	0.00786	0.00624	0.00669	0.0066	0.00693	0.00244	0.00571	0.0071	0.00597	0.00545	0.00563	0.00625	0.00663	0.00677	0.00606	0.00353	0.00634	0.00184	0.00337	0.0066	0.00407	0.00367	0.00857	0.00359	0.0	0.0021	0.00863	0.00847	0.00894	0.01006	0.00846	0.00894	0.00773
SRR7297643	0.00816	0.00918	0.00735	0.00703	0.00706	0.00545	0.00596	0.00955	0.00714	0.00714	0.00751	0.00558	0.0056	0.00618	0.00708	0.00236	0.0056	0.00629	0.00536	0.00574	0.00519	0.00577	0.00658	0.00564	0.00549	0.00402	0.00594	0.00184	0.00323	0.00632	0.00416	0.00376	0.00765	0.00355	0.0021	0.0	0.0081	0.00763	0.00787	0.00896	0.00869	0.00823	0.0075
SRR8201154	0.00864	0.00924	0.00776	0.00793	0.00658	0.00753	0.00627	0.00614	0.00949	0.00561	0.01026	0.00714	0.00704	0.00777	0.00912	0.0092	0.00712	0.00792	0.00882	0.00958	0.006	0.00708	0.00678	0.00476	0.00714	0.00652	0.00477	0.00778	0.00765	0.00405	0.00729	0.00841	0.00697	0.00814	0.00862	0.00809	0.0	0.00954	0.00894	0.00774	0.00919	0.00918	0.00811
SRR8809771	0.00064	0.00962	0.0077	0.00847	0.00816	0.00751	0.00768	0.01024	0.00676	0.00922	0.00973	0.00693	0.00621	0.00671	0.00763	0.00935	0.00638	0.00878	0.00651	0.00734	0.00667	0.00683	0.00781	0.00977	0.00648	0.00896	0.00689	0.0078	0.00864	0.00724	0.00774	0.00926	0.00852	0.00874	0.00841	0.00757	0.00948	0.0	0.0	0.00963	0.0004	0.00065	0.00778
SRR8810286	0.0	0.00979	0.0081	0.00857	0.00838	0.00792	0.0075	0.01067	0.0072	0.00895	0.01	0.0074	0.00606	0.00663	0.00713	0.00978	0.0069	0.00907	0.00629	0.00762	0.00683	0.00728	0.00781	0.00948	0.00672	0.0094	0.0071	0.00802	0.00828	0.00742	0.00743	0.00915	0.00829	0.00913	0.00887	0.0078	0.00888	0.0	0.0	0.00994	0.0	0.0	0.00836
SRR9647357	0.00952	0.00506	0.00297	0.00681	0.0069	0.0074	0.00983	0.00331	0.00934	0.00551	0.01006	0.00663	0.00876	0.00959	0.0105	0.01102	0.00905	0.00687	0.00868	0.00901	0.00792	0.00585	0.00597	0.00764	0.00588	0.00858	0.00818	0.00859	0.00916	0.00969	0.00844	0.00984	0.00826	0.01015	0.00995	0.00886	0.00767	0.0096	0.00991	0.0	0.01049	0.0102	0.00322
SRR9647438	0.00055	0.00948	0.00856	0.0087	0.00857	0.0078	0.00771	0.01076	0.00778	0.00923	0.00996	0.00733	0.00653	0.0069	0.00729	0.00966	0.00719	0.00885	0.00696	0.00714	0.00712	0.00723	0.00811	0.01	0.00742	0.00976	0.00778	0.00783	0.00858	0.00787	0.00765	0.0098	0.00925	0.0095	0.00848	0.00872	0.00923	0.0004	0.0	0.01063	0.0	0.0	0.00852
SRR9647439	0.0	0.00947	0.00844	0.00858	0.00868	0.00791	0.00757	0.01045	0.00768	0.00899	0.0095	0.00795	0.00645	0.00631	0.00677	0.00904	0.00621	0.00838	0.00681	0.00722	0.00724	0.00755	0.00839	0.00971	0.00787	0.00918	0.00714	0.00831	0.00839	0.00798	0.00794	0.0092	0.00859	0.00887	0.00894	0.00823	0.0092	0.00065	0.0	0.01032	0.0	0.0	0.00898
SRR9647576	0.00804	0.00208	0.00058	0.00403	0.0039	0.00559	0.00801	0.00305	0.00763	0.00516	0.00851	0.00408	0.00637	0.00755	0.00851	0.00842	0.00681	0.00455	0.00707	0.00761	0.0055	0.00421	0.00288	0.00739	0.00404	0.00841	0.00635	0.0071	0.00681	0.00707	0.00689	0.00801	0.00886	0.00773	0.0077	0.00747	0.00809	0.0078	0.0084	0.00324	0.00847	0.00894	0.0
