sample	moss_0.05_1x_1	moss_0.05_2x_1	moss_0.05_4x_1	moss_0.05_8x_1	moss_0.0_1x_1	moss_0.0_2x_1	moss_0.0_4x_1	moss_0.0_8x_1	moss_0.15_1x_1	moss_0.15_2x_1	moss_0.15_4x_1	moss_0.15_8x_1	moss_0.1_1x_1	moss_0.1_2x_1	moss_0.1_4x_1	moss_0.1_8x_1	moss_0.2_1x_1	moss_0.2_2x_1	moss_0.2_4x_1	moss_0.2_8x_1
moss_0.05_1x_1	0.0	0.0	0.0	0.0004759045022729679	0.0450564762983535	0.04988835052647205	0.05227619288716146	0.052019460277160666	0.14784771499475152	0.1470124839819786	0.14563499714252376	0.14643015301991216	0.10448768989244991	0.1069321577789622	0.10816191805467949	0.10714670048667066	0.1861280495139279	0.1876769805036286	0.18640661232722724	0.18605163263611116
moss_0.05_2x_1	0.0	0.0	0.0	0.0	0.0458852194637748	0.05011877705824483	0.05261777121263586	0.052098863763083716	0.14817722275281595	0.14818380191030678	0.14708102207580023	0.14808754410253486	0.10805046834862171	0.11002992331475993	0.1116085385963127	0.11059298973521563	0.19155228361295892	0.191132075797346	0.1911221730072352	0.1906740342426763
moss_0.05_4x_1	0.0	0.0	0.0	0.0	0.046909212190330826	0.0511246774970093	0.0531764282708135	0.05240963345993054	0.14947280414562453	0.15068992270244239	0.14925545765493498	0.14902231199201577	0.10912938762783246	0.1112361628994216	0.1118452596841182	0.1105497810471064	0.19192632660978545	0.19291310725912392	0.19046839751427888	0.19031061581899372
moss_0.05_8x_1	0.0	0.0	0.0	0.0	0.046903388939419206	0.05119089824863399	0.053140552282720556	0.05218053622979832	0.14861210303920308	0.14979848756579744	0.148053306093971	0.14866790646808326	0.10979116392648382	0.1114212188782133	0.11111120447466327	0.10997592265669666	0.19013980054758023	0.19166575957974852	0.19272054504504726	0.1927025399430586
moss_0.0_1x_1	0.04903627377090856	0.048742605686646824	0.04923394028821271	0.04893215259396073	0.0	0.0	0.0	0.0	0.14134013088770112	0.14135400149024266	0.1410776582197662	0.14163093330414148	0.0953701655875639	0.09582969236667833	0.09568144707364831	0.09611875886200018	0.1880377771915908	0.1919492411097804	0.18909077634649868	0.19203699946740727
moss_0.0_2x_1	0.05001213433713485	0.05001226095220583	0.05124822269637726	0.05146207828746442	0.0	0.0	0.0010500330453018314	0.0015610234403677509	0.14105098688725148	0.14196124301067167	0.14324104407239233	0.1425495697885965	0.0960637488918797	0.09730471325909693	0.09775860455722095	0.098038603973352	0.1921182458463655	0.19399664031092573	0.19214289845645824	0.19220817735955908
moss_0.0_4x_1	0.04932362643394738	0.04933846758142543	0.04953794434806119	0.04939635044213717	0.0	0.0006683690686747734	0.0	0.0014910768990077318	0.1411332183971726	0.14203465030275159	0.1424566850040622	0.14166735532472588	0.0955848317816278	0.09636315211574333	0.09636547974110338	0.09570701520456432	0.19100054000886574	0.1906845643302932	0.1909667340482605	0.19021913330511125
moss_0.0_8x_1	0.04829768701787127	0.04797751439728976	0.04767511515703611	0.04728027405067607	0.0	0.0008520228082928848	0.001360993293780739	0.0	0.14041751929042462	0.14071695210448723	0.14003355247503807	0.13945913500240717	0.09416126843759973	0.09456972599920045	0.09398636511598835	0.09279219746998664	0.19059362691417206	0.19257751504564372	0.18808793208328162	0.18728925384782233
moss_0.15_1x_1	0.14609586296760574	0.14721048238542805	0.14880945506362062	0.1474689937788462	0.13032124525380354	0.13440555076532626	0.13671878674193944	0.13602955360793031	0.0	0.0	0.0	0.0	0.16808378760042578	0.1667729206682759	0.16808529134165975	0.16802753597818068	0.2602424616988969	0.24721537231959126	0.26426841396811596	1.0
moss_0.15_2x_1	0.14535527970537138	0.14737474109905774	0.1500917648812737	0.14869305460396476	0.13067370663561867	0.13509030342899875	0.13782938339809359	0.13672852438586763	0.0	0.0	0.0	0.0	0.16834699295474553	0.1691806094187199	0.1703987626463196	0.16728453151320155	0.23742753117816875	0.22967507378423951	0.24785042473758462	0.24548250973676197
moss_0.15_4x_1	0.14405197555103783	0.1465555659794572	0.14899639268298692	0.14735227430816727	0.13065611852170886	0.13608323674217562	0.13866862711918745	0.13679710232376446	0.0	0.0	0.0	0.0	0.17083305715321148	0.1679819113619778	0.16919858166201754	0.16877575277083423	0.2480076532235655	0.23998887295928978	0.24994607175344438	0.24806912777521
moss_0.15_8x_1	0.14511362450183793	0.14787529778924888	0.14902338228067472	0.1481933943041515	0.13146938540664604	0.1353236122864748	0.13807846753163933	0.13646548317478333	0.0	0.0	0.0	0.0	0.1710861440230548	0.16790531721023472	0.17053333929028447	0.1691263455768105	0.2526576718559229	0.2348229895513814	0.24856537580708357	0.2425723692319202
moss_0.1_1x_1	0.10314937139962618	0.10755985683284376	0.10907275302525267	0.10945589476891711	0.0861141597909061	0.09132388486604065	0.09374104427626925	0.09282809129659653	0.1683588580296548	0.16852336129565823	0.17090056834884718	0.17080649312215476	0.0	0.0	0.0	0.0	0.21446028274917966	0.21309296035673372	0.21052922856634407	0.21213008670147898
moss_0.1_2x_1	0.10553671791293745	0.10953740333645821	0.11108007357556333	0.11096072854792488	0.08726478473361285	0.09252926225662625	0.09491395559373449	0.09381829507345535	0.16700902389490382	0.1693226816677475	0.167898170380973	0.16748527862256576	0.0	0.0	0.0	0.0	0.21151965877016404	0.21120511818799736	0.21493556698712277	0.2111732577247267
moss_0.1_4x_1	0.10672783573375888	0.1112183197080905	0.11177133389587256	0.11075755453259034	0.08760570756975215	0.09278126543387828	0.09531612624331308	0.09391113565596654	0.16838171188473347	0.1706695960629459	0.16917045658428032	0.17020426169641945	0.0	0.0	0.0	0.0	0.2135912306148832	0.21646487321505525	0.21685545648177043	0.2162491192736865
moss_0.1_8x_1	0.10593272048812508	0.11050732272315873	0.11076147424375397	0.10990526465154295	0.08828356088320245	0.09296933801875307	0.09491059966541343	0.09308166565981829	0.16874059609558434	0.16799823679121753	0.1691535082525792	0.16922790722123746	0.0	0.0	0.0	0.0	0.2066497021384193	0.2118842555373675	0.21544076593444308	0.21254386600515648
moss_0.2_1x_1	0.18441515704958358	0.19052126618973877	0.19106736875305413	0.18859653488986436	0.17680466157867772	0.18476888958515006	0.18518372646648346	0.18436126725717034	0.260273704703982	0.2372701822154562	0.2475858605339419	0.25163250160942674	0.21423003693747947	0.21127762916877715	0.21320568806991325	0.2057421227924538	0.0	0.0	0.0	0.0
moss_0.2_2x_1	0.18600982085947482	0.19025687920276407	0.19217700532195342	0.1902435714503266	0.1808590227414365	0.18633083822325963	0.1850725333369303	0.1866808531288285	0.24737031152208394	0.22967731234357774	0.23967244634526724	0.23398808620130288	0.21293282924931045	0.21107152283905037	0.21617210496877157	0.21104525600789242	0.0	0.0	0.0	0.0
moss_0.2_4x_1	0.1848480847397038	0.1905248083406297	0.19002336049507423	0.19160259379199013	0.17820343122699542	0.18420234750149694	0.18567269886185814	0.18290498230371957	0.2646953609407046	0.24817466418129844	0.24990273044423897	0.24801261615221765	0.21052501914204116	0.21504458381985553	0.21682965653403014	0.2148706954225648	0.0	0.0	0.0	0.0
moss_0.2_8x_1	0.18493073656617365	0.19061293646480496	0.19039593037483762	0.1921235810052443	0.18158789273577627	0.18440983416247816	0.18538645813838486	0.18265771024128194	1.0	0.2464801473946658	0.24868016639253976	0.2427001351191654	0.21265472660858892	0.21184104298178882	0.21680790347694057	0.21256258337737977	0.0	0.0	0.0	0.0
