sample	rotifer_0.05_1x_1	rotifer_0.05_2x_1	rotifer_0.05_4x_1	rotifer_0.05_8x_1	rotifer_0.0_1x_1	rotifer_0.0_2x_1	rotifer_0.0_4x_1	rotifer_0.0_8x_1	rotifer_0.15_1x_1	rotifer_0.15_2x_1	rotifer_0.15_4x_1	rotifer_0.15_8x_1	rotifer_0.1_1x_1	rotifer_0.1_2x_1	rotifer_0.1_4x_1	rotifer_0.1_8x_1	rotifer_0.2_1x_1	rotifer_0.2_2x_1	rotifer_0.2_4x_1	rotifer_0.2_8x_1
rotifer_0.05_1x_1	0.0	0.0	0.0	0.0	0.04972880625935381	0.050142814596119495	0.05073731753026208	0.05049595628865645	0.17973196506099373	0.18039193543327015	0.17947264736639904	0.17825121292084756	0.13145732054714812	0.1344143393197359	0.1339580109053739	0.13470575385227457	0.22386301234957615	0.21981386627455968	0.21635247472725638	0.21015424064003377
rotifer_0.05_2x_1	0.0	0.0	0.0	0.0	0.04959121997476161	0.050028780608312534	0.05066565426431536	0.05041769035266939	0.17765497412758724	0.17917073443737333	0.17925632287760365	0.17759905290714198	0.13174415319434143	0.13498528787401945	0.13397922696127437	0.1337251621617533	0.21795154485057563	0.2186908569790441	0.21406740153907663	0.21273736225044887
rotifer_0.05_4x_1	0.0	0.0	0.0	0.0	0.04896105558673564	0.049424538772504856	0.049906599331700184	0.049589881933211184	0.17782020945364355	0.1787891213396083	0.17986404111144813	0.17902733865540366	0.13069801956750624	0.13514729675345524	0.1338637574544403	0.13388713194384647	0.21611124694435968	0.21660065299205142	0.21664415118968597	0.213310186437268
rotifer_0.05_8x_1	0.0	0.0	0.0	0.0	0.04882468919374401	0.04942439401077298	0.049728808710166626	0.04938089847056397	0.17758248060806084	0.1779723748562322	0.18096434251092774	0.17957939192230415	0.13114607013737792	0.13417726539958727	0.13356082147483608	0.13367229753571336	0.21357798163441413	0.21469832981895584	0.21398434506441072	0.21771100698124934
rotifer_0.0_1x_1	0.049729745099444625	0.050649169676295146	0.05030326420020866	0.05006596969256852	0.0	0.0	0.0	0.0	0.14754212519436927	0.14909790520961275	0.14884185138424855	0.14808552002773145	0.09902802748881974	0.10106842763558414	0.1004968097341067	0.10063653846784591	0.19330372866086232	0.19621242012191079	0.19907531693820887	0.19492327001348148
rotifer_0.0_2x_1	0.04925256142649328	0.05019024907603004	0.04989229825149622	0.04980023532057909	0.0	0.0	0.0	0.0	0.14747030798366093	0.148025482317433	0.14875792499954818	0.14766157994857257	0.09851308343229356	0.10030238308830927	0.10007706603894095	0.09968826166008339	0.20136901823398293	0.20514775615259656	0.2032949084564011	0.1997954544754709
rotifer_0.0_4x_1	0.049497093808979944	0.0504657085903372	0.05001664544521219	0.04974814338714933	0.0	0.0	0.0	0.0	0.14693915031511923	0.1479935636051406	0.14706151448340593	0.14764160640250643	0.0981625550721807	0.10015823408841325	0.09953956660482277	0.09905352500156026	0.19582541098129308	0.19631734981467394	0.1981570185522619	0.19714628520662683
rotifer_0.0_8x_1	0.04944990541874917	0.050405311197783395	0.04988144592558373	0.04958029459187979	0.0	0.0	0.0	0.0	0.14879730260913349	0.14698179161327474	0.14842007638524157	0.14770602410897507	0.09815517065174675	0.10058123446737323	0.0993988802907891	0.0993108287292219	0.19129834461592465	0.19526387497728503	0.19704960613524095	0.1964771969878743
rotifer_0.15_1x_1	0.1797713677733661	0.17957508619254864	0.17996419465281818	0.1792147048745688	0.14757483191417273	0.14896316866600842	0.1488515198714883	0.15004010677228746	0.0	0.0	0.0	0.0	0.20747113626176533	0.2106322086258716	0.21965511487138337	0.21837985865461226	0.2632028791381991	0.2674149426139355	0.2836389341971848	0.2807361554809427
rotifer_0.15_2x_1	0.1784787901935299	0.17913815190483326	0.1789789592872941	0.17765175905067682	0.14720837381072	0.14759511414643006	0.14798319225330783	0.14632250807708458	0.0	0.0	0.0	0.0	0.20751286776550545	0.21319745731966805	0.21056004944946663	0.21022309985344503	0.2655497112408875	0.2708672112941679	0.27157179820651706	0.2691996781585366
rotifer_0.15_4x_1	0.1773648470310794	0.17903316384748572	0.17986243228522805	0.18043762635215532	0.14666311033598586	0.14803634160666473	0.1467626184816472	0.14745939671093256	0.0	0.0	0.0	0.0	0.20500512820338465	0.21156025777911203	0.21408440115122876	0.2120133718198979	0.2819956714475848	0.2717367529269393	0.27301053926619195	0.2710889007664127
rotifer_0.15_8x_1	0.17660308664615143	0.17783785155912635	0.17949797424245326	0.17953042827473514	0.14626404617071384	0.14729886262831585	0.14770151919360977	0.14711011678514177	0.0	0.0	0.0	0.0	0.20471272246833294	0.21449461671531345	0.2150586754010404	0.2147058084570569	0.2634421383014381	0.2604415254035277	0.2621999474763706	0.2606251506626583
rotifer_0.1_1x_1	0.13146668604259876	0.13357480134044777	0.1328762777787938	0.13298166844154427	0.09903400805686007	0.09987242924489116	0.09998442172216652	0.09956511508488801	0.20744086610619997	0.20942556265049114	0.2070118367650925	0.20615816279143184	0.0	0.0	0.0	0.0	0.25349585996171575	0.24089270367749005	0.2370269670604459	0.23775128154659922
rotifer_0.1_2x_1	0.1325722741672438	0.1349668754615247	0.13547552493387466	0.13415663699933003	0.09940245076369301	0.09999436093775145	0.10032281780905149	0.10032802756578382	0.20870039869624363	0.21320816180098398	0.21163870177503508	0.21396381840229087	0.0	0.0	0.0	0.0	0.24889849089412125	0.24892839283570736	0.24521076102780298	0.24720791931380395
rotifer_0.1_4x_1	0.13178225360649753	0.1336240720121699	0.13385840839164162	0.13320748269597232	0.0984662725904662	0.09939101681932364	0.09932682548524172	0.09877859327468777	0.2176702125903971	0.21048187093853069	0.21407813346452514	0.2144516337210674	0.0	0.0	0.0	0.0	0.24344418803291737	0.2381790363749113	0.2395087467113012	0.24079935322542897
rotifer_0.1_8x_1	0.1328416765116177	0.1336830977603221	0.13419575529300104	0.13363072137010887	0.09881255535100261	0.09920774648821404	0.09904455943257201	0.09889506470487949	0.21699802618283331	0.2107297995593769	0.21259863506573104	0.21469912118424783	0.0	0.0	0.0	0.0	0.2465825174894321	0.23637366330911905	0.2415017539525187	0.24818698903549533
rotifer_0.2_1x_1	0.22389445973798744	0.21983525156468217	0.21808177993584035	0.21491087242547005	0.19332960855621076	0.20275411896016707	0.1975040529376692	0.19211391271439346	0.2631880655550774	0.26742431800231903	0.2836392960214862	0.26440945111697817	0.25351547594297613	0.25077879751005266	0.24528988979039668	0.2477013725137391	0.0	0.0	0.0	0.0
rotifer_0.2_2x_1	0.2179186262164024	0.2186481868990051	0.2166424646379502	0.214093564219178	0.19429723606175386	0.20458686671073828	0.19605386531500937	0.1940948268826096	0.2655204279240893	0.2708621923609495	0.27156005596363136	0.2595491640170909	0.23900451214771593	0.24891153916383138	0.23814362378230503	0.23566977964849248	0.0	0.0	0.0	0.0
rotifer_0.2_4x_1	0.21438723900113912	0.21395596175223755	0.21662668355551656	0.2133148023107772	0.19702861883923528	0.20262516615947027	0.1977523898753386	0.19572650603470113	0.28196023086983457	0.27172450602975007	0.2729914922099471	0.26141308384956435	0.23514899807293876	0.2452474149511512	0.23949867486307044	0.24079652050263767	0.0	0.0	0.0	0.0
rotifer_0.2_8x_1	0.20875533223583026	0.21323245860464407	0.2139055112030023	0.2176532945805782	0.19339785572065624	0.1996808057217851	0.19729472336947745	0.1957056777706233	0.2798944511623159	0.2701604029384793	0.2718918665757398	0.2606259002906461	0.23657409384934916	0.24799065554915026	0.2415025707787378	0.2481953175355607	0.0	0.0	0.0	0.0
