sample	moss_0.05_1x_1	moss_0.05_2x_1	moss_0.05_4x_1	moss_0.05_8x_1	moss_0.0_1x_1	moss_0.0_2x_1	moss_0.0_4x_1	moss_0.0_8x_1	moss_0.15_1x_1	moss_0.15_2x_1	moss_0.15_4x_1	moss_0.15_8x_1	moss_0.1_1x_1	moss_0.1_2x_1	moss_0.1_4x_1	moss_0.1_8x_1	moss_0.2_1x_1	moss_0.2_2x_1	moss_0.2_4x_1	moss_0.2_8x_1
moss_0.05_1x_1	0.0	0.0	0.0	0.0	0.04762607715366219	0.049819302318542286	0.05061820362408932	0.04939753547368013	0.1599988882822123	0.15693811992467793	0.15846277270525377	0.15577982805854693	0.11558158848748731	0.11526617304255947	None	None	0.2007436648342434	0.1972277906812706	0.19337094783550865	0.19443826925675226
moss_0.05_2x_1	0.0	0.0	0.0	0.0	0.045338909000979304	0.047756593825604224	0.048673398442801406	0.04778465962866894	0.16466176659791912	0.16152217805394553	0.16255467675412139	0.15999876392416007	0.11781052603977032	0.11696832239338376	None	None	0.21104675777497622	0.20570581460665768	0.20035886613751042	0.20375649399379042
moss_0.05_4x_1	0.0	0.0	0.0	0.0	0.04621217476310115	0.04877307100218752	0.04956029912589876	0.04845368560939242	0.1678569173377239	0.16341064979472833	0.16563459578444598	0.1622476499796715	0.12020396421513885	0.11890683448998593	None	None	0.2146304055545479	0.2063112126731203	0.20681680873254119	0.21091246719869688
moss_0.05_8x_1	0.0	0.0	0.0	0.0	0.0473554383204853	0.049674946658007334	0.05025578127989204	0.0495095681037257	0.1689917152785664	0.16366305175848786	0.16405062529991174	0.16137303481555895	0.12148955425917121	0.12066346311855332	None	None	0.21120511249886917	0.20636774018345963	0.20803569681633807	0.20709656029028964
moss_0.0_1x_1	0.04928775721758876	0.04609149138600981	0.04718181797232162	0.047380849753311666	0.0	0.0	0.0	0.0	0.14925866156917295	0.14356183885477805	0.1453661585511657	0.14389977478669458	0.09653986096721039	0.09625458302145089	None	None	0.19072691672268893	0.1927114781094988	0.19341236859927036	0.19123455483424345
moss_0.0_2x_1	0.04916150007353355	0.046271198450082804	0.04751683167679786	0.047462933011177426	0.0	0.0	0.0	0.0	0.14706766302617746	0.1443026467749479	0.1449108854451343	0.14308483408737602	0.09802167265898694	0.09682685295142376	None	None	0.19523408750396992	0.19253511603766046	0.1926388585942833	0.19066896540085868
moss_0.0_4x_1	0.04967655401969532	0.046894594601963414	0.048019269515685095	0.04778895784810888	0.0	0.0	0.0	0.0	0.1487962197480522	0.14574648379114244	0.1459167722524407	0.14300438681262545	0.09753717505434671	0.09692217731487579	None	None	0.19843522974881508	0.19507108140216614	0.19118304220570267	0.19274815461671735
moss_0.0_8x_1	0.049893427983193454	0.04735061769578722	0.048262046208305605	0.04842124811832399	0.0	0.0	0.0	0.0	0.15134910263940124	0.14628232489239995	0.1460747146348209	0.1436191313041653	0.09882372600639487	0.09758925804383765	None	None	0.20338195368932002	0.1945742887356967	0.1988293439898987	0.19657978969877768
moss_0.15_1x_1	0.16000075526033689	0.16153123340854822	0.16451766325902684	0.16360061548012364	0.14581817985537326	0.14744582813004728	0.1492105314952344	0.14883089200010546	0.0	0.0	0.0	0.0	0.18324951715084986	0.18621107825949337	None	None	0.26060123435224364	0.2432686709570925	0.251122927381854	0.2479446440910803
moss_0.15_2x_1	0.15212880452524308	0.15358613662825865	0.1553214665411732	0.15357455058404734	0.13543615278476123	0.13991667114611034	0.14139458191611126	0.13907506472433848	0.0	0.0	0.0	0.0	0.1758380802401134	0.17564780502052973	None	None	0.25928143370132367	0.24683712322548826	0.251717351929651	0.2491325422912309
moss_0.15_4x_1	0.15389090265674465	0.1548597089056612	0.15781395441828458	0.15432896910136548	0.13728229692192112	0.1406417457897435	0.1417198178898303	0.13905822784496433	0.0	0.0	0.0	0.0	0.17754061622957418	0.17826234679904818	None	None	0.2606839629221562	0.2488334807323631	0.2499020412548101	0.2522100093098176
moss_0.15_8x_1	0.14856196453837744	0.14964723868554808	0.15173665742151995	0.1489192933104031	0.13337177261995914	0.1363113273394871	0.1363043796081892	0.13408501247913882	0.0	0.0	0.0	0.0	0.17141551799699994	0.17362948547542761	None	None	0.25372690481006027	0.242541578940795	0.24849915649185886	0.24225022181985847
moss_0.1_1x_1	0.11557909552963046	0.11576958287313782	0.11829110210211496	0.11784822821866717	0.09387391771439	0.09882746803741176	0.09866145742388072	0.09768455266948796	0.18324442803906946	0.1806671631627429	0.18185379874711985	0.17866470380013277	0.0	0.0	None	None	0.2195192897187039	0.21470868871557366	0.21675693617061487	0.21096522837235
moss_0.1_2x_1	0.11080408634036061	0.11039534595536066	0.112435139994793	0.11242971314038841	0.0894956547343973	0.09345190812594326	0.09385757704274486	0.09228590679740946	0.1813316381801157	0.17559303755729475	0.1776675051199123	0.1759858117614449	0.0	0.0	None	None	0.21807574292999402	0.21689417461058413	0.2200113741076473	0.21461551801488118
moss_0.1_4x_1	0.10864309585185468	0.10938840711878453	0.1116284282988183	0.11032690377770023	0.0876000183550377	0.09128031987441303	0.09204754447217732	0.08973294331980318	0.1823971477036862	0.17829185449685184	0.17770678826725003	0.17532307361907654	0.0	0.0	0.0	None	0.2157458800233314	0.21296072735024363	0.21518876360133093	0.2129397842779516
moss_0.1_8x_1	0.10714542149499465	0.10752212763784175	0.10915916113494133	0.10692373104991489	0.08562080648406034	0.0891328143531095	0.09024634516016654	0.08799089657412128	0.18012586766408079	0.174551732741052	0.17444425456809182	0.17277857289596973	0.0	0.0	None	0.0	0.21656619838326013	0.2091073383195133	0.2143762189343232	0.20876520525822254
moss_0.2_1x_1	0.20098874476701886	0.20670113708678603	0.2095725339804815	0.20401290524590524	0.1869750842808833	0.19493105090034601	0.19764843947362948	0.19900291379329307	0.2608976691288595	0.2639863069263922	0.2636070895236766	0.2605004326803382	0.2197842940755793	0.22306806217441363	None	None	0.0	0.0	0.0	0.0
moss_0.2_2x_1	0.1927601583712488	0.1968265765841915	0.19691004379118104	0.19469807757969657	0.18417707797569338	0.1875438595669962	0.1896532993228602	0.1858222863557243	0.23911325017900742	0.24723316175900129	0.24763506220659168	0.24504744951911253	0.21034905435329404	0.2173132866090865	None	None	0.0	0.0	0.0	0.0
moss_0.2_4x_1	0.18913567886955399	0.1919386219553391	0.1978220660299372	0.19676486210362856	0.1850723772799633	0.1878891785652957	0.18611747460710124	0.19024551200035295	0.24808601199058697	0.25325070315914194	0.24976896912410804	0.2520929189054731	0.21297449463193546	0.22111484743753626	None	None	0.0	0.0	0.0	0.0
moss_0.2_8x_1	0.18726173792561923	0.19223149823426072	0.19865410143021	0.1926955290434858	0.1799943407244454	0.18299517720582945	0.1846805046189276	0.18502646893402283	0.24131495385012283	0.2470455607170167	0.24848233477353024	0.24225031539571168	0.20392783578648233	0.2124061920343818	None	None	0.0	0.0	0.0	0.0
