sample	oyster_0.001_1x	oyster_0.001_2x	oyster_0.001_4x	oyster_0.001_8x	oyster_0.002_1x	oyster_0.002_2x	oyster_0.002_4x	oyster_0.002_8x	oyster_0.004_1x	oyster_0.004_2x	oyster_0.004_4x	oyster_0.004_8x	oyster_0.006_1x	oyster_0.006_2x	oyster_0.006_4x	oyster_0.006_8x	oyster_0.008_1x	oyster_0.008_2x	oyster_0.008_4x	oyster_0.008_8x	oyster_0.01_1x	oyster_0.01_2x	oyster_0.01_4x	oyster_0.01_8x	oyster_0.02_1x	oyster_0.02_2x	oyster_0.02_4x	oyster_0.02_8x	oyster_0.0_1x	oyster_0.0_2x	oyster_0.0_4x	oyster_0.0_8x
oyster_0.001_1x	0.0	0.0	0.0	0.0	0.00289	0.00275	0.0024	0.0	0.00477	0.00484	0.00426	0.0	0.00653	0.00654	0.00598	0.0	0.00895	0.00859	0.00807	0.0	0.01022	0.01018	0.00962	0.0	0.01951	0.01947	0.01876	0.00643	0.00105	0.00065	0.00055	0.0
oyster_0.001_2x	0.0	0.0	0.0	0.0	0.00282	0.00246	0.00215	0.0	0.0047	0.00458	0.00402	0.0	0.00671	0.00646	0.00591	0.0	0.00883	0.00836	0.00794	0.0	0.01036	0.01007	0.00955	0.0	0.01981	0.01949	0.01887	0.0085	0.00077	0.00036	0.0	0.0
oyster_0.001_4x	0.0	0.0	0.0	0.0	0.00275	0.00228	0.00197	0.0	0.00456	0.00439	0.00389	0.0	0.00679	0.00631	0.00574	0.0	0.00871	0.00817	0.00772	0.0	0.01048	0.01008	0.00951	0.00053	0.0197	0.01941	0.01869	0.01011	0.00072	0.0	0.0	0.0
oyster_0.001_8x	0.0	0.0	0.0	0.0	0.0	0.0	0.0	0.0	0.0	0.0	0.0	0.0	0.0	0.0	0.0	0.0	0.0	0.0	0.0	0.0	0.0	0.0	0.00099	0.0	0.00804	0.0099	0.01106	0.00229	0.0	0.0	0.0	0.0
oyster_0.002_1x	0.00289	0.00288	0.00281	0.0	0.0	0.0	0.0	0.0	0.00588	0.00607	0.00571	0.0	0.00786	0.00777	0.0073	0.0	0.00998	0.0097	0.00918	0.0	0.0114	0.01145	0.01101	0.0	0.02047	0.02056	0.01993	0.0077	0.00222	0.00198	0.00185	0.0
oyster_0.002_2x	0.00269	0.00245	0.00228	0.0	0.0	0.0	0.0	0.0	0.00573	0.00565	0.00511	0.0	0.00798	0.0075	0.00689	0.0	0.00994	0.00941	0.00887	0.0	0.01147	0.01113	0.0107	0.0	0.02061	0.02032	0.01977	0.00941	0.00194	0.00157	0.00129	0.0
oyster_0.002_4x	0.00235	0.00214	0.00197	0.0	0.0	0.0	0.0	0.0	0.00549	0.0054	0.00487	0.0	0.00779	0.00726	0.00668	0.0	0.00974	0.0091	0.00863	0.0	0.01137	0.01091	0.01045	0.00153	0.02056	0.02041	0.01963	0.01105	0.00167	0.00124	0.00098	0.0
oyster_0.002_8x	0.0	0.0	0.0	0.0	0.0	0.0	0.0	0.0	0.0	0.0	0.0	0.0	0.0	0.0	0.0	0.0	0.0	0.0	0.0	0.0	0.0	0.00062	0.00193	0.0	0.00898	0.01078	0.01192	0.00319	0.0	0.0	0.0	0.0
oyster_0.004_1x	0.00477	0.00479	0.00465	0.0	0.00587	0.00585	0.0056	0.0	0.0	0.0	0.0	0.0	0.00965	0.0097	0.00925	0.0	0.01143	0.01136	0.01112	0.0	0.01329	0.01317	0.01273	0.0	0.02215	0.02231	0.02187	0.00969	0.00395	0.00389	0.00366	0.0
oyster_0.004_2x	0.00472	0.00456	0.00437	0.0	0.00592	0.00563	0.00539	0.0	0.0	0.0	0.0	0.0	0.00989	0.00962	0.00915	0.0	0.01162	0.0114	0.01106	0.0	0.01347	0.01326	0.01272	0.00213	0.02245	0.02227	0.02166	0.01147	0.00392	0.00362	0.00341	0.0
oyster_0.004_4x	0.00415	0.00399	0.00387	0.0	0.00557	0.00509	0.00485	0.0	0.0	0.0	0.0	0.0	0.00957	0.00922	0.00862	0.0	0.01134	0.01097	0.01053	0.00155	0.01321	0.01273	0.01217	0.00338	0.02217	0.02188	0.02116	0.01276	0.00351	0.00318	0.00293	0.0
oyster_0.004_8x	0.0	0.0	0.0	0.0	0.0	0.0	0.0	0.0	0.0	0.0	0.0	0.0	0.0	0.0	0.0	0.0	0.0	0.00055	0.00187	0.0	0.00081	0.00252	0.00377	0.0	0.01074	0.01247	0.01359	0.00501	0.0	0.0	0.0	0.0
oyster_0.006_1x	0.00652	0.00684	0.00692	0.0	0.00785	0.00814	0.00795	0.0	0.00964	0.01012	0.00981	0.0	0.0	0.0	0.0	0.0	0.01331	0.01353	0.0132	0.00044	0.01513	0.01529	0.01503	0.00233	0.02393	0.02444	0.02396	0.01185	0.00584	0.00598	0.00604	0.0
oyster_0.006_2x	0.00637	0.00643	0.00629	0.0	0.00757	0.00747	0.00724	0.0	0.00947	0.00962	0.00923	0.0	0.0	0.0	0.0	0.0	0.01347	0.01319	0.01283	0.00223	0.01509	0.01505	0.01449	0.00408	0.02395	0.02396	0.02335	0.01331	0.00578	0.00561	0.00543	0.0
oyster_0.006_4x	0.00583	0.00587	0.00571	0.0	0.00711	0.00685	0.00666	0.0	0.00902	0.00914	0.00861	0.0	0.0	0.0	0.0	0.0	0.01308	0.01271	0.01232	0.00345	0.01478	0.01453	0.01399	0.00532	0.02366	0.02347	0.02281	0.01446	0.00531	0.005	0.00483	0.0
oyster_0.006_8x	0.0	0.0	0.0	0.0	0.0	0.0	0.0	0.0	0.0	0.0	0.0	0.0	0.0	0.0	0.0	0.0	0.00074	0.00232	0.00371	0.0	0.0025	0.00434	0.00555	0.0	0.01212	0.01395	0.01509	0.00657	0.0	0.0	0.0	0.0
oyster_0.008_1x	0.00893	0.00898	0.00886	0.0	0.00995	0.01013	0.00994	0.0	0.01141	0.01189	0.0116	0.0	0.01329	0.01378	0.0134	0.00074	0.0	0.0	0.0	0.0	0.01711	0.01724	0.01688	0.0045	0.02546	0.02586	0.02532	0.01342	0.00816	0.00821	0.00807	0.0
oyster_0.008_2x	0.00837	0.00832	0.00813	0.0	0.00945	0.00936	0.00907	0.0	0.01108	0.01139	0.01098	0.00054	0.01321	0.01318	0.01273	0.00228	0.0	0.0	0.0	0.0	0.01691	0.01673	0.01621	0.00604	0.0255	0.02529	0.02478	0.0149	0.00766	0.00746	0.00726	0.0
oyster_0.008_4x	0.00786	0.00789	0.00768	0.0	0.00895	0.00882	0.0086	0.0	0.01084	0.01104	0.01053	0.00183	0.01287	0.01281	0.01232	0.00364	0.0	0.0	0.0	0.0	0.01664	0.01621	0.01577	0.0073	0.0253	0.02514	0.02458	0.01626	0.00726	0.00702	0.00678	0.0
oyster_0.008_8x	0.0	0.0	0.0	0.0	0.0	0.0	0.0	0.0	0.0	0.0	0.00158	0.0	0.00044	0.00227	0.00352	0.0	0.0	0.0	0.0	0.0	0.00446	0.00614	0.0074	0.0	0.01388	0.01569	0.01682	0.00837	0.0	0.0	0.0	0.0
oyster_0.01_1x	0.01019	0.01055	0.01068	0.0	0.01138	0.01169	0.0116	0.0	0.01327	0.01377	0.01352	0.0008	0.01512	0.01544	0.01514	0.00251	0.01712	0.0173	0.01705	0.00448	0.0	0.0	0.0	0.0	0.02665	0.02723	0.02678	0.01505	0.00978	0.00984	0.00986	0.0
oyster_0.01_2x	0.00992	0.01001	0.01004	0.0	0.01116	0.01108	0.01087	0.0006	0.01285	0.01325	0.01274	0.00247	0.01492	0.01504	0.01455	0.00426	0.01684	0.01673	0.01624	0.00603	0.0	0.0	0.0	0.0	0.02676	0.02685	0.02625	0.01665	0.00944	0.00929	0.00919	0.0
oyster_0.01_4x	0.00937	0.00948	0.00945	0.00097	0.01072	0.01063	0.01041	0.00188	0.01241	0.01269	0.01216	0.00369	0.01466	0.01446	0.01398	0.00545	0.01647	0.01618	0.01577	0.00727	0.0	0.0	0.0	0.0	0.02665	0.02667	0.02596	0.01794	0.00895	0.00878	0.0086	0.0
oyster_0.01_8x	0.0	0.0	0.00054	0.0	0.0	0.0	0.00155	0.0	0.0	0.00217	0.00344	0.0	0.00232	0.00415	0.00541	0.0	0.00448	0.00615	0.00742	0.0	0.0	0.0	0.0	0.0	0.01537	0.01736	0.01843	0.01017	0.0	0.0	0.0	0.0
oyster_0.02_1x	0.01948	0.02019	0.0201	0.00803	0.02044	0.02102	0.021	0.00897	0.02213	0.02297	0.02272	0.01077	0.02393	0.02452	0.02426	0.01219	0.02548	0.0261	0.02593	0.01398	0.02667	0.0274	0.02732	0.01549	0.0	0.0	0.0	0.0	0.01854	0.01906	0.01926	0.00705
oyster_0.02_2x	0.01898	0.0194	0.01935	0.00967	0.02005	0.02024	0.02037	0.01054	0.02178	0.02226	0.02192	0.01223	0.02388	0.02396	0.02351	0.01373	0.02528	0.0253	0.02519	0.01545	0.02662	0.02686	0.02673	0.01711	0.0	0.0	0.0	0.0	0.01813	0.01853	0.01859	0.00871
oyster_0.02_4x	0.01827	0.01875	0.0186	0.0108	0.01942	0.01966	0.01956	0.01166	0.02133	0.02162	0.02115	0.01332	0.02338	0.02331	0.02281	0.01484	0.02473	0.02475	0.02459	0.01655	0.02615	0.02621	0.02597	0.01814	0.0	0.0	0.0	0.0	0.01755	0.01778	0.01781	0.00991
oyster_0.02_8x	0.00638	0.00859	0.01022	0.00227	0.00764	0.00952	0.01118	0.00317	0.00962	0.01164	0.01296	0.00498	0.01176	0.01351	0.01469	0.00656	0.01333	0.01512	0.01652	0.00836	0.01495	0.0169	0.01823	0.01016	0.0	0.0	0.0	0.0	0.0056	0.00763	0.00935	0.00132
oyster_0.0_1x	0.00105	0.00078	0.00073	0.0	0.00222	0.00198	0.0017	0.0	0.00396	0.00402	0.0036	0.0	0.00585	0.00593	0.00544	0.0	0.00819	0.00786	0.00746	0.0	0.00981	0.00969	0.00919	0.0	0.01858	0.0186	0.01802	0.00565	0.0	0.0	0.0	0.0
oyster_0.0_2x	0.00064	0.00036	0.0	0.0	0.00195	0.00158	0.00124	0.0	0.00382	0.00364	0.0032	0.0	0.00587	0.00564	0.00503	0.0	0.00808	0.00751	0.00707	0.0	0.00967	0.00935	0.00885	0.0	0.01872	0.01863	0.0179	0.00756	0.0	0.0	0.0	0.0
oyster_0.0_4x	0.00054	0.0	0.0	0.0	0.00181	0.00129	0.00099	0.0	0.0036	0.00343	0.00295	0.0	0.00594	0.00546	0.00486	0.0	0.00795	0.0073	0.00683	0.0	0.0097	0.00925	0.00867	0.0	0.01892	0.01868	0.01792	0.00926	0.0	0.0	0.0	0.0
oyster_0.0_8x	0.0	0.0	0.0	0.0	0.0	0.0	0.0	0.0	0.0	0.0	0.0	0.0	0.0	0.0	0.0	0.0	0.0	0.0	0.0	0.0	0.0	0.0	0.0	0.0	0.00707	0.00893	0.01016	0.00133	0.0	0.0	0.0	0.0
