sample	SRR1607365.msh	SRR1607369.msh	SRR1607372.msh	SRR1607373.msh	SRR1607375.msh	SRR1607377.msh	SRR1607380.msh	SRR1607382.msh	SRR1607384.msh	
SRR1607365.msh	0	0.0460472	0.0462584	0.0444748	0.0456258	0.045139	0.0461035	0.0454198	0.0462039	
SRR1607369.msh	0.0460472	0	0.0462353	0.0458646	0.0455012	0.0464989	0.0465839	0.0461871	0.0469007	
SRR1607372.msh	0.0462584	0.0462353	0	0.0452942	0.0455236	0.0455665	0.0471213	0.0464735	0.0466542	
SRR1607373.msh	0.0444748	0.0458646	0.0452942	0	0.0450027	0.0444142	0.0455706	0.044907	0.0453387	
SRR1607375.msh	0.0456258	0.0455012	0.0455236	0.0450027	0	0.0453387	0.0458625	0.0455379	0.0457614	
SRR1607377.msh	0.045139	0.0464989	0.0455665	0.0444142	0.0453387	0	0.0460534	0.04554	0.0457305	
SRR1607380.msh	0.0461035	0.0465839	0.0471213	0.0455706	0.0458625	0.0460534	0	0.0463404	0.0465095	
SRR1607382.msh	0.0454198	0.0461871	0.0464735	0.044907	0.0455379	0.04554	0.0463404	0	0.0457799	
SRR1607384.msh	0.0462039	0.0469007	0.0466542	0.0453387	0.0457614	0.0457305	0.0465095	0.0457799	0	
