sample	SRR17643000.msh	SRR17643001.msh	SRR17643002.msh	SRR17643004.msh	SRR17643005.msh	SRR17643006.msh	SRR17643007.msh	SRR17643008.msh	SRR17643009.msh	
SRR17643000.msh	0	0.0135451	0.013351	0.0136352	0.013952	0.0131935	0.0136263	0.0135473	0.0138986	
SRR17643001.msh	0.0135451	0	0.0128493	0.0129169	0.0136129	0.0128197	0.0133615	0.0129335	0.0137048	
SRR17643002.msh	0.013351	0.0128493	0	0.0130344	0.0134563	0.0127829	0.013061	0.012885	0.0134506	
SRR17643004.msh	0.0136352	0.0129169	0.0130344	0	0.0136713	0.0125307	0.0133786	0.0126337	0.0137209	
SRR17643005.msh	0.013952	0.0136129	0.0134563	0.0136713	0	0.0135322	0.0136427	0.0137088	0.0142021	
SRR17643006.msh	0.0131935	0.0128197	0.0127829	0.0125307	0.0135322	0	0.0131092	0.0124855	0.0133685	
SRR17643007.msh	0.0136263	0.0133615	0.013061	0.0133786	0.0136427	0.0131092	0	0.0133283	0.0137527	
SRR17643008.msh	0.0135473	0.0129335	0.012885	0.0126337	0.0137088	0.0124855	0.0133283	0	0.0136561	
SRR17643009.msh	0.0138986	0.0137048	0.0134506	0.0137209	0.0142021	0.0133685	0.0137527	0.0136561	0	
