sample	SRR1607296.msh	SRR1607302.msh	SRR1607306.msh	SRR1607310.msh	SRR1607312.msh	SRR1607316.msh	SRR1607318.msh	SRR1607320.msh	SRR1607323.msh	
SRR1607296.msh	0	0.0106613	0.0106429	0.0107893	0.0142769	0.0107192	0.0107385	0.0121075	0.011011	
SRR1607302.msh	0.0106613	0	0.00886433	0.00906757	0.013459	0.00896987	0.00907121	0.0108811	0.00920399	
SRR1607306.msh	0.0106429	0.00886433	0	0.00899457	0.0134361	0.00885486	0.00894982	0.0105449	0.00910106	
SRR1607310.msh	0.0107893	0.00906757	0.00899457	0	0.0135336	0.00911168	0.00921235	0.0106384	0.00936229	
SRR1607312.msh	0.0142769	0.013459	0.0134361	0.0135336	0	0.0135199	0.0134519	0.0145212	0.0138435	
SRR1607316.msh	0.0107192	0.00896987	0.00885486	0.00911168	0.0135199	0	0.00912032	0.0102525	0.00926126	
SRR1607318.msh	0.0107385	0.00907121	0.00894982	0.00921235	0.0134519	0.00912032	0	0.0109301	0.00934709	
SRR1607320.msh	0.0121075	0.0108811	0.0105449	0.0106384	0.0145212	0.0102525	0.0109301	0	0.0112125	
SRR1607323.msh	0.011011	0.00920399	0.00910106	0.00936229	0.0138435	0.00926126	0.00934709	0.0112125	0	
