sample	moss_0.001_1x_1	moss_0.001_2x_1	moss_0.001_4x_1	moss_0.001_8x_1	moss_0.002_1x_1	moss_0.002_2x_1	moss_0.002_4x_1	moss_0.002_8x_1	moss_0.004_1x_1	moss_0.004_2x_1	moss_0.004_4x_1	moss_0.004_8x_1	moss_0.006_1x_1	moss_0.006_2x_1	moss_0.006_4x_1	moss_0.006_8x_1	moss_0.008_1x_1	moss_0.008_2x_1	moss_0.008_4x_1	moss_0.008_8x_1	moss_0.01_1x_1	moss_0.01_2x_1	moss_0.01_4x_1	moss_0.01_8x_1	moss_0.02_1x_1	moss_0.02_2x_1	moss_0.02_4x_1	moss_0.02_8x_1	moss_0.0_1x_1	moss_0.0_2x_1	moss_0.0_4x_1	moss_0.0_8x_1
moss_0.001_1x_1	0.0	0.0	0.0	0.0	0.001512518995191966	0.0013546167238175431	0.0005896074576593509	0.0007260707995486468	0.0035840949038443743	0.0032583626098595326	0.0022887536398818464	0.002382964122473502	0.005777669562051206	0.0052806788052881465	0.004301982040040556	0.004352439446924824	0.007510440859559404	0.0066682573124496125	0.005777451120930881	0.005744241086001951	0.009684419468549374	0.008477292187696786	0.0075811186604166645	0.007575518109960586	0.018285814316725893	0.017346537326021837	0.016341829848496633	0.01616951387834145	0.0	0.0	0.0	0.0
moss_0.001_2x_1	0.0	0.0	0.0	0.0	0.00150550857307765	0.0010548427204622982	0.0	0.00038335777851092356	0.003474176196554863	0.0028985767021796082	0.0018920412966836838	0.002169734257602643	0.005673382214502376	0.0048502551927590565	0.0037520407524894396	0.0040024995058889805	0.007728307887463961	0.006498089280725646	0.005424120340883212	0.005612692486032548	0.00979473282708946	0.008300728013756357	0.007411312080711745	0.007529925432782424	0.01830835542643544	0.017232304427582508	0.016021678086062148	0.01619741553288606	0.0	0.0	0.0	0.0
moss_0.001_4x_1	0.0	0.0	0.0	0.0	0.0007435910477224773	0.0	0.0	0.0005471441278535304	0.0026781976934681447	0.0019886855664785932	0.0012904565854530052	0.0023248438908777982	0.004981881842747903	0.004099270337801362	0.0032769211226887254	0.004282112706802181	0.006802489512285633	0.0056573380007985475	0.004854134456050693	0.0058411429724206975	0.008924925655017473	0.007436850095977665	0.006806628900812211	0.007738539207467595	0.018075511408046006	0.01674470077435303	0.0156821687546862	0.016390390374142763	0.0	0.0	0.0	0.0
moss_0.001_8x_1	0.0	0.0	0.0	0.0	0.0010794454901730144	0.0005098759149078473	0.000663793995900394	0.002868434944174265	0.003068929671104543	0.002542029145772505	0.0024681463460781783	0.004704222348820229	0.005377965552809724	0.004583030041258814	0.004354908141800675	0.006442141752442133	0.0072963017513739065	0.006212237584185999	0.00596577148602947	0.008087175157661131	0.009316902878790221	0.008006874212412338	0.007899574124135422	0.009931334487897646	0.01886708189944419	0.017515591783833148	0.016777507242755306	0.01876765612154176	0.0	0.0	0.0	0.0013942600190151183
moss_0.002_1x_1	0.001510889668601028	0.0015379198926655476	0.0007457887162139552	0.0010323071601711156	0.0	0.0	0.0	0.0	0.0046759796073756795	0.0043581851522300034	0.0034786292759921285	0.003532993007099659	0.00666057054104761	0.006309635009079893	0.005175757343099922	0.005261554278012895	0.008742863892280626	0.0076939418028158105	0.006786952447689762	0.006822557397238442	0.010594779962244756	0.009418675489970668	0.008576700685443868	0.00844645132707612	0.01881651404801258	0.0180507654249072	0.01683754692383618	0.016854791824636554	0.000591424656448433	0.0	0.0	0.0
moss_0.002_2x_1	0.0013235105316682521	0.001053920159994406	0.0	0.00048388422502341653	0.0	0.0	0.0	0.0	0.0042530533033656994	0.0037862231936086252	0.002771658358744596	0.0029269584560913642	0.0065336252540254165	0.005788254536880951	0.004641935315173466	0.004838066819521973	0.008496540312462122	0.007313761404025075	0.0062957087663111574	0.006422222079865574	0.010231281340719546	0.009061136300167255	0.008140027202877395	0.00822397203426289	0.019176713536353498	0.01798540724813358	0.016598086634499996	0.016804612905242287	0.0	0.0	0.0	0.0
moss_0.002_4x_1	0.000586672890471856	0.0	0.0	0.0006436824915637722	0.0	0.0	0.0	0.0	0.0035468607885396036	0.002943413645162164	0.0021983073422787744	0.0031658644465415017	0.005940995641411918	0.005081385262892884	0.004140349787545575	0.005077847866933416	0.007797950162313946	0.006477812318617014	0.005655271077578658	0.006648477777967502	0.00972337177985529	0.008409179919471347	0.007604359105435456	0.008595675374105657	0.01892785976454789	0.017457726662677673	0.016384546202657776	0.017208490637116002	0.0	0.0	0.0	0.0
moss_0.002_8x_1	0.0007580923545980732	0.00040343443393366644	0.0005636215841255175	0.00286771718462529	0.0	0.0	0.0	0.0	0.003760838882791053	0.003262619864148607	0.0031949424381735063	0.00534745358442695	0.00624854819587721	0.005334078150243874	0.005121693050112107	0.00723595946250069	0.00809324956137933	0.006815020647787912	0.006640168121258439	0.008785002084612463	0.00988771033535868	0.008737467362597373	0.008598383043297235	0.01064851962183106	0.019432228351005238	0.017987719237041788	0.017319185499908102	0.019241849146865626	0.0	0.0	0.0	0.0021574505636045953
moss_0.004_1x_1	0.003572296414704393	0.003542723383610207	0.0026824897671938537	0.00293173043819008	0.004665618018040674	0.0043416157813214685	0.003557555322713718	0.003596307229945907	0.0	0.0	0.0	0.0	0.008421917787251775	0.00802175281333174	0.006967186653705934	0.007159962709356409	0.010392291856169324	0.009721767566270639	0.008637922681403303	0.008872563811328976	0.012012555904216106	0.01120086065503947	0.010347538898577306	0.010305273579724926	0.02053193090395052	0.019834514402338084	0.01861967609190857	0.01873078379520706	0.0023847234666132472	0.002406657453306158	0.0018941679263736987	0.002168254197815568
moss_0.004_2x_1	0.003178940827721168	0.0028930484310246635	0.0019590665611945277	0.0024117802201764726	0.004255546779618419	0.0037823004273172976	0.002902724105594713	0.003097586540541971	0.0	0.0	0.0	0.0	0.008137236257215142	0.007469334520128784	0.006386201737217702	0.006561263622237767	0.010125697154317234	0.009113352805410683	0.007941689179858996	0.008067189435054873	0.012015087524575743	0.010766910496098703	0.009831198813479996	0.00989363793728615	0.020700870997378776	0.019532627070060996	0.018257753871491072	0.01846580478568752	0.0020812712417719323	0.0016896702536942916	0.001251604179645023	0.0015136516853761735
moss_0.004_4x_1	0.0022720327314271873	0.0019126947746053926	0.0012878477607049423	0.002390962560456386	0.0034551946573085006	0.0028038082304412976	0.0021956068135338775	0.0030962877504713015	0.0	0.0	0.0	0.0	0.007424232733767313	0.006692767979915725	0.005828524557528793	0.0067229513165303146	0.0093651666786073	0.008276367079232329	0.007411407688184107	0.008244907595357941	0.011250194933769666	0.009983055745855568	0.009233701933996679	0.009992340463872797	0.02041732235694353	0.01904061398058496	0.01804399531389582	0.01871084478932827	0.0011737634155507503	0.0006693893948805847	0.0005588646205615522	0.0015285032627159099
moss_0.004_8x_1	0.0024822801287115253	0.0022797213036869976	0.0023927404667087823	0.004700563497161947	0.0036816118786360654	0.003077150628649469	0.0032605429251512303	0.005344629678583131	0.0	0.0	0.0	0.0	0.007839594194184106	0.007039943994408148	0.006814104858575836	0.008709933961250877	0.00955414661810307	0.008602304588859347	0.008359340586210297	0.010418245975015393	0.011537996960817002	0.010371103713643741	0.010216445285144718	0.012125929430445536	0.021007663516795033	0.01962957718723816	0.018919825717669522	0.020922226254645796	0.0014238184966625927	0.0011014626546095438	0.0015930567045752402	0.0038562642240196785
moss_0.006_1x_1	0.005744274565745571	0.005773422028441693	0.004982053468708323	0.005130941088950475	0.006629207705692816	0.006655891947899661	0.005949574867590198	0.005968043756922143	0.008400884552464042	0.008300390710392513	0.0074508750956868465	0.007503254583893712	0.0	0.0	0.0	0.0	0.012229120412485991	0.011610923604482916	0.010784031658549834	0.010884203701166847	0.014013814594806124	0.013332578817059971	0.012595306039299798	0.012374854664285555	0.02242009273808834	0.021820054829020174	0.020473615187744418	0.020482523071712642	0.004754300093425809	0.004646784628758977	0.004337759509259244	0.004485315966462366
moss_0.006_2x_1	0.005145680904625266	0.004836863728573773	0.004036352546467936	0.004347700728406169	0.00615372503808585	0.005777294399432576	0.00500878342524169	0.005063681494362592	0.007838353347383543	0.007462906272801997	0.006608136615401594	0.006692968397767154	0.0	0.0	0.0	0.0	0.011779425096064562	0.010898515355355133	0.00988638318580366	0.009989315703864575	0.013808533292482598	0.012545667652464483	0.011656689988350764	0.011714604300697372	0.022373475915543912	0.021201772977617966	0.019956126639862206	0.01994368025689543	0.004027724341807224	0.0036614815608615953	0.003285292844595835	0.0035290142104250095
moss_0.006_4x_1	0.004263695809549565	0.0037890002486825427	0.003268194834330784	0.004217028189857588	0.005133348579150354	0.004690839658486795	0.004132589807128368	0.004961574726755362	0.006920626890965435	0.006458070332810081	0.0058247276096369	0.006606835658683723	0.0	0.0	0.0	0.0	0.01107749036857617	0.01001897249938008	0.009187876941627465	0.009893153842293003	0.013020356556786222	0.011744312624232355	0.010958458843931035	0.011653639596056286	0.021989583838592158	0.020585063147173725	0.01961714375212683	0.020072422813014197	0.002964160564336727	0.0025779287256031415	0.0024884446522063304	0.003421821505540937
moss_0.006_8x_1	0.004523277607616735	0.004199165683844978	0.004403505414012114	0.006434092335056394	0.005471222574879767	0.005078662546270664	0.005225364270281793	0.007228725192827793	0.0074544840370609515	0.00689039261067542	0.006925233610188249	0.008705814714226465	0.0	0.0	0.0	0.0	0.011412590313646455	0.010405142402947615	0.010167189122416941	0.012162596045918501	0.013500833562614256	0.012269726953264448	0.012064859189080323	0.01400665572038334	0.022520939102016285	0.021114014067378544	0.0205054763169668	0.022313857460775112	0.003465420072388317	0.003169231532943658	0.003529974402830863	0.005685297276306104
moss_0.008_1x_1	0.00744388979824189	0.007843288672319804	0.006786325411445501	0.006944826392844579	0.00867488600269298	0.00863186740796501	0.007790323979885418	0.007711280200623237	0.01033443060826175	0.010300209589313034	0.009375959245644733	0.009121168753993637	0.012191541855713936	0.011995161040505676	0.011105080311069802	0.010917290332406944	0.0	0.0	0.0	0.0	0.01581147306479151	0.01500267532740232	0.014055135840647354	0.013968430753345437	0.023857983913226237	0.023034822747430263	0.021706254652060174	0.02175430420293947	0.006524160058362119	0.006563282883222211	0.006124529782367508	0.006212618391800073
moss_0.008_2x_1	0.006492021215835282	0.006475877665253612	0.005568382448560265	0.005892735736780441	0.007497290796363525	0.0072950733262299155	0.00638260036085765	0.006468573738032261	0.00949125026744626	0.009099465197371636	0.00816842222494795	0.008177187782049204	0.011360849422585905	0.010891272310202997	0.00989809740021508	0.009904524858895394	0.0	0.0	0.0	0.0	0.015041847416028528	0.013906989811085794	0.013037762021831718	0.013153129512489151	0.02331821842623066	0.022249456052444102	0.021169756618939457	0.021182772946991068	0.005550051324553024	0.005148414012301366	0.004881710462158257	0.005093107093849964
moss_0.008_4x_1	0.00570836611698956	0.00546389732742271	0.004831834572514112	0.005766575407416948	0.00671045645778507	0.00634624446544237	0.005633752399800846	0.006421042991173514	0.008553849374344428	0.00801139899727148	0.0073923053919267125	0.008090680887607256	0.010698568924180233	0.009978736242248822	0.009170258353535809	0.009848579844683068	0.0	0.0	0.0	0.0	0.01422068854503672	0.013094008382039876	0.012376572651100974	0.012921500541152719	0.02291546813091627	0.021738944515208455	0.020675235114971366	0.02130546600507272	0.004593005072493511	0.00416506311039404	0.004085528734898189	0.00489239171782964
moss_0.008_8x_1	0.005959665956269902	0.0058812766484668865	0.006002718305072059	0.008073957009337072	0.007081927250468981	0.0067334472558440465	0.0068370138950835345	0.008772829563562254	0.009220956523961371	0.008461991988356269	0.008487277728807665	0.010409294234460858	0.011330077700667913	0.010480320790481166	0.010188367857974202	0.012157890268393657	0.0	0.0	0.0	0.0	0.014767969302461008	0.013659354399090304	0.013305117547699275	0.015278563395603417	0.02376112047546569	0.02233731669071086	0.02176192284555363	0.023452844020738713	0.004981548726837684	0.00472640393601666	0.005255392772959925	0.0073004809413441596
moss_0.01_1x_1	0.009593382598224441	0.009936838272969232	0.00890439326447558	0.008872949618228843	0.010506484294814973	0.010389859557077882	0.009713599062559133	0.009424579259965187	0.011938704980854297	0.012216622466326427	0.011261995173095282	0.011019675982132647	0.013962458817183639	0.014054492918990318	0.013050757971744207	0.01291978577808251	0.015801744228367186	0.015321360996620226	0.014294137411982329	0.014151869294348694	0.0	0.0	0.0	0.0	0.02546321170758169	0.024898838107914035	0.023684732566207983	0.02359438839598225	0.008634190631843347	0.008713018972778224	0.008285101544304346	0.00811665910771445
moss_0.01_2x_1	0.00824754557233985	0.00826845046757041	0.007318598843082705	0.007596259421680513	0.009171835139501946	0.009033675148690154	0.008284186873945259	0.008294889464136628	0.010928513780827636	0.010745334399426048	0.009850656238801629	0.009859680928004416	0.0130376145120012	0.012531275805512823	0.011599876527624441	0.01168078276970789	0.014712608991462872	0.01390025108778903	0.012963490335803617	0.013017366867092227	0.0	0.0	0.0	0.0	0.024600132562287654	0.023735014997425283	0.022582689628863804	0.022640473632904556	0.0071613232706891385	0.007085924888019569	0.006659005620097976	0.006861303277104072
moss_0.01_4x_1	0.007483520540938731	0.00746107315968693	0.006773464764261393	0.007635573953885983	0.008472430228987707	0.008200489661023764	0.007573269329372919	0.008314390529753172	0.010238322276258682	0.009911636971624801	0.0092072066485929	0.009887603008875692	0.012485563777048698	0.01175895623884197	0.01093421169001674	0.011686203250911032	0.013969457538984013	0.013158294535720004	0.012372775373080241	0.01289570963013351	0.0	0.0	0.0	0.0	0.024407604640762182	0.02325074237147249	0.022444263074839457	0.022836028148122234	0.006571425531572977	0.006261892279857324	0.006031672297892192	0.006855587173795712
moss_0.01_8x_1	0.007846044639259654	0.007880960350630671	0.007947723415555153	0.00991207697841472	0.008753770386160674	0.008612736387164897	0.008833912977414675	0.01063051339676241	0.01069485149505585	0.010366144916843921	0.010279865520475636	0.012111778260402483	0.012863969858455069	0.01227727941687205	0.011994117215833378	0.013996915950648451	0.014558848157450927	0.01378776964164796	0.013322553697788482	0.015273831166325245	0.0	0.0	0.0	0.0	0.025186383892609864	0.023997171820198514	0.023624208888859008	0.025251792096757868	0.006908815655264529	0.0066635689406994	0.007251731747630073	0.009081323051844075
moss_0.02_1x_1	0.018099821351742554	0.018560077963821232	0.018049347625927574	0.0180295474357906	0.01864414533473171	0.019457744734997843	0.018921749155877684	0.018582592832041164	0.020387344788250408	0.021025887741251616	0.020445980065390213	0.02012079736419905	0.022315701359610873	0.022743231935167304	0.02204125686484837	0.021599999443263365	0.023816577941830598	0.02371864142424248	0.02302734810482968	0.022814222660447744	0.02543426684079087	0.025032730855567377	0.02453693249492188	0.024205583290725165	0.0	0.0	0.0	0.0	0.01719363998300016	0.017474813813791602	0.017512564374984864	0.017279514592235694
moss_0.02_2x_1	0.016857666154920965	0.017151184284446494	0.016484644111669895	0.01665361377112524	0.017559309931603227	0.017915726144996216	0.017202906000013965	0.01711138868335733	0.019334576855747597	0.019476440748572212	0.018790970365654403	0.01869690703400552	0.0213207632628348	0.02115847514405351	0.020332528236396873	0.02013313522637284	0.022572395370954262	0.022218341846183893	0.02151968084442013	0.021318600523988995	0.024416787025097444	0.023713085101271562	0.02302625340674329	0.02292249197903244	0.0	0.0	0.0	0.0	0.01568435020761015	0.01609644501072934	0.015769907217864216	0.01581302836628216
moss_0.02_4x_1	0.016091583668080306	0.01610275858539319	0.015597849296056154	0.016226928131899444	0.016594672847601865	0.016694261687258228	0.016308883322064826	0.01675694945624758	0.01838478997815935	0.018378230222032346	0.017982030111052972	0.01832084293497475	0.020258803496539045	0.02010098813528694	0.0195622896320434	0.019871327367375704	0.02153776580335613	0.021334593569973352	0.02065557401874647	0.021101753275507368	0.02351342247572405	0.022766672722797355	0.02242968498048468	0.02292108368950971	0.0	0.0	0.0	0.0	0.014749966401386162	0.014930183707855324	0.014887054731822856	0.015535104803454347
moss_0.02_8x_1	0.01664381321343096	0.016878021444510526	0.016794220997823708	0.018711574685407927	0.017363945846389114	0.017522367642835143	0.017644007607580177	0.01918898098952517	0.019328454193905872	0.019265181238957402	0.01920342578351686	0.020875520648831608	0.021179591905231884	0.020816499792787144	0.020610474020433922	0.02227432622624238	0.022559450198536755	0.02211736684872134	0.02191413408815998	0.023420163334035158	0.024471963054604584	0.02364232159347603	0.023491207563083333	0.025224368100111284	0.0	0.0	0.0	0.0	0.015642785112440924	0.01575173643951866	0.016128547824750292	0.01799921027578404
moss_0.0_1x_1	0.0	0.0	0.0	0.0	0.0005929382691507667	0.0	0.0	0.0	0.002396142931228908	0.0021358252219763666	0.0011835339926994262	0.001368064261950473	0.004788990612661695	0.004138424676427432	0.002993514400299675	0.0033376009222246174	0.0065921986272930826	0.005707859847586461	0.004653271160313094	0.004806240464592237	0.008728905375465577	0.007370064648474623	0.006664400728934976	0.006677551745874595	0.0173948323261788	0.016160993652476804	0.014996646761352584	0.015214356098078289	0.0	0.0	0.0	0.0
moss_0.0_2x_1	0.0	0.0	0.0	0.0	0.0	0.0	0.0	0.0	0.002371140783764672	0.0016998892407318487	0.0006645975806157894	0.0010522988737990977	0.004587436552817322	0.003686684776971094	0.002562146932216585	0.0030323382383524154	0.00649701855230035	0.0051871852002575046	0.004149806613320763	0.00452748392443455	0.008627571757761118	0.007142461772375238	0.006242779541445673	0.006390369299489534	0.017311788759215765	0.016236185562274102	0.014908328531119234	0.01517173233158397	0.0	0.0	0.0	0.0
moss_0.0_4x_1	0.0	0.0	0.0	0.0	0.0	0.0	0.0	0.0	0.0018934506742603527	0.001271677283271865	0.0005603719130502285	0.0015487220706531172	0.0043425509813492386	0.0033395132060682208	0.002496754602869571	0.003434548526577889	0.006146070785414176	0.004964075091804945	0.004107133137791406	0.00511681038397247	0.008313222121550157	0.006772474855343251	0.006065239375624112	0.007064857239845565	0.01755429025243067	0.016031774627079828	0.014977195298010233	0.01574944347422056	0.0	0.0	0.0	0.0
moss_0.0_8x_1	0.0	0.0	0.0	0.001394569403244348	0.0	0.0	0.0	0.002158469492679218	0.002272073962731266	0.001596580616987504	0.0015784740459705165	0.0038601240444137972	0.004705570542546935	0.003722616417453985	0.0035350689626334536	0.005693673561033389	0.0065333228682291815	0.005372891915862864	0.005063449167641973	0.007314056052767007	0.008530785338861587	0.007236818544948848	0.007095377150293175	0.00910098586937936	0.01809559428138029	0.016641529527316512	0.01606797207988767	0.018057076571849465	0.0	0.0	0.0	0.0
