sample	SRR17643000	SRR17643001	SRR17643002	SRR17643004	SRR17643005	SRR17643006	SRR17643007	SRR17643008	SRR17643009
SRR17643000	0.0	0.00286	0.00233	0.00259	0.00222	0.00243	0.00263	0.00262	0.00237
SRR17643001	0.00277	0.0	0.00216	0.00224	0.00232	0.00234	0.00253	0.00184	0.00285
SRR17643002	0.0022	0.00212	0.0	0.00225	0.00238	0.00225	0.00238	0.00225	0.00202
SRR17643004	0.00893	0.00863	0.0087	0.0	0.00877	0.00852	0.00879	0.0082	0.00887
SRR17643005	0.00196	0.00214	0.00225	0.00212	0.0	0.00243	0.00202	0.00207	0.00216
SRR17643006	0.00211	0.00211	0.00207	0.00191	0.00237	0.0	0.00221	0.00186	0.00208
SRR17643007	0.0025	0.00249	0.00239	0.00234	0.00216	0.0024	0.0	0.00221	0.00246
SRR17643008	0.00241	0.00172	0.00217	0.00167	0.00213	0.00197	0.00212	0.0	0.00217
SRR17643009	0.00201	0.00257	0.00178	0.00215	0.00206	0.00204	0.00222	0.00201	0.0
