sample	SRR27281402	SRR27281403	SRR27281404	SRR27281405	SRR27281509	SRR27281511	SRR27281512	SRR27281513	SRR27281514
SRR27281402	0.0	0.00238	0.00349	0.00298	0.00336	0.0029	0.00127	0.00278	0.00276
SRR27281403	0.00343	0.0	0.00376	0.0038	0.00331	0.00328	0.00117	0.00398	0.00276
SRR27281404	0.00352	0.00275	0.0	0.00254	0.00304	0.00284	0.00218	0.00312	0.00276
SRR27281405	0.0026	0.00238	0.00213	0.0	0.00223	0.00249	0.00192	0.00245	0.00234
SRR27281509	0.00346	0.00237	0.0031	0.0027	0.0	0.00338	0.00177	0.00343	0.00289
SRR27281511	0.00312	0.00246	0.00303	0.00309	0.0035	0.0	0.00178	0.00339	0.00272
SRR27281512	0.00354	0.00239	0.0044	0.00455	0.00392	0.00381	0.0	0.00384	0.00348
SRR27281513	0.00302	0.00318	0.00333	0.00307	0.00357	0.00341	0.00182	0.0	0.00313
SRR27281514	0.00303	0.00199	0.003	0.003	0.00307	0.00277	0.00149	0.00317	0.0
