sample	SRR1607365	SRR1607369	SRR1607372	SRR1607373	SRR1607375	SRR1607377	SRR1607380	SRR1607382	SRR1607384
SRR1607365	0.0	0.0	0.0	0.0	0.0	0.0	0.0	0.0	0.0
SRR1607369	0.0	0.0	0.0	0.0	0.0	0.00094	0.0	0.0	0.00047
SRR1607372	0.00061	0.00053	0.0	0.0	0.0	0.00051	0.00121	0.00084	0.00079
SRR1607373	0.0	0.00085	0.0	0.0	0.0	0.0	0.0	0.0	0.0
SRR1607375	0.0	0.0	0.0	0.0	0.0	0.0	0.0	0.0	0.0
SRR1607377	0.00046	0.00187	0.00072	0.0	0.00082	0.0	0.00111	0.00088	0.00085
SRR1607380	0.0	0.0	0.00056	0.0	0.0	0.0	0.0	0.0	0.0
SRR1607382	0.0	0.0	0.0	0.0	0.0	0.0	0.0	0.0	0.0
SRR1607384	0.0	0.00061	0.0	0.0	0.0	0.0	0.0	0.0	0.0
