sample	SRR1607326	SRR1607327	SRR1607330	SRR1607332	SRR1607334	SRR1607336	SRR1607337	SRR1607342	SRR1607343
SRR1607326	0.0	0.0	0.0	0.0	0.0	0.0	0.0	0.0	0.0
SRR1607327	0.0	0.0	0.0	0.0	0.0	0.0	0.0	0.0	0.0
SRR1607330	0.0	0.0	0.0	0.0	0.0	0.0	0.0	0.0	0.0
SRR1607332	0.0	0.0	0.00075	0.0	0.0	0.0	0.0	0.0	0.00074
SRR1607334	0.0	0.0	0.0	0.0	0.0	0.0	0.0	0.0	0.0
SRR1607336	0.0	0.0	0.0	0.0	0.0	0.0	0.0	0.0	0.0
SRR1607337	0.0	0.0	0.0	0.0	0.0	0.0	0.0	0.0	0.0
SRR1607342	0.0	0.0	0.0	0.0	0.0	0.0	0.0	0.0	0.0
SRR1607343	0.00063	0.0	0.0	0.0008	0.00072	0.00057	0.0	0.00045	0.0
