sample	SRR27281402	SRR27281403	SRR27281404	SRR27281405	SRR27281509	SRR27281511	SRR27281512	SRR27281513	SRR27281514
SRR27281402	0.0	0.00447	0.00479	0.00468	0.00485	0.0047	0.0041	0.00487	0.0043
SRR27281403	0.0038	0.0	0.00416	0.00407	0.00427	0.0043	0.00362	0.00426	0.00378
SRR27281404	0.00478	0.00482	0.0	0.00406	0.00479	0.00492	0.00465	0.00485	0.00454
SRR27281405	0.00544	0.00551	0.00483	0.0	0.00554	0.00559	0.00539	0.00539	0.00528
SRR27281509	0.00477	0.00482	0.00471	0.0047	0.0	0.0049	0.00461	0.00485	0.00462
SRR27281511	0.00444	0.00468	0.00466	0.00457	0.00473	0.0	0.00429	0.00473	0.00434
SRR27281512	0.00248	0.00275	0.0031	0.00302	0.00321	0.00304	0.0	0.00319	0.00255
SRR27281513	0.0047	0.00475	0.00469	0.00447	0.00478	0.00483	0.00454	0.0	0.00458
SRR27281514	0.00416	0.00433	0.00442	0.00438	0.00458	0.00449	0.00403	0.00462	0.0
