sample	SRR1607365	SRR1607369	SRR1607372	SRR1607373	SRR1607375	SRR1607377	SRR1607380	SRR1607382	SRR1607384
SRR1607365	0.0	0.00104	0.00129	0.00098	0.00115	0.00134	0.00158	0.00127	0.00118
SRR1607369	0.00101	0.0	0.00085	0.00099	0.0008	0.0015	0.00156	0.00116	0.00117
SRR1607372	0.00054	0.0	0.0	0.00066	0.00047	0.00086	0.00116	0.00082	0.00076
SRR1607373	0.00062	0.00065	0.00107	0.0	0.00095	0.00116	0.00137	0.00102	0.00081
SRR1607375	0.00068	0.00037	0.00074	0.00082	0.0	0.00122	0.00112	0.00105	0.0009
SRR1607377	0.00035	0.00055	0.00063	0.00051	0.00072	0.0	0.00119	0.0007	0.00043
SRR1607380	0.00155	0.00164	0.00177	0.00158	0.00149	0.00197	0.0	0.0018	0.00163
SRR1607382	0.00124	0.00118	0.00151	0.0013	0.00147	0.0016	0.00182	0.0	0.00132
SRR1607384	0.00116	0.0012	0.00147	0.00112	0.00134	0.00136	0.00166	0.00134	0.0
