sample	SRR23814147	SRR23814148	SRR23814152	SRR23814180	SRR23814181	SRR23814184	SRR23814185	SRR23814186	SRR23814187
SRR23814147	0.0	0.0	0.00391	0.0	0.0	0.0	0.0	0.0	0.0
SRR23814148	0.0	0.0	0.0	0.0	0.0	0.0	0.0	0.0	0.0
SRR23814152	0.00449	0.0	0.0	0.0	0.0	0.0	0.0	0.0	0.0
SRR23814180	0.0	0.0	0.0	0.0	0.0	0.0	0.0	0.0	0.0
SRR23814181	0.0	0.0	0.0	0.0	0.0	0.0	0.0	0.0	0.0
SRR23814184	0.0	0.0	0.0	0.0	0.0	0.0	0.0	0.0	0.0
SRR23814185	0.0	0.0	0.0	0.0	0.0	0.0	0.0	0.0	0.0
SRR23814186	0.0	0.0	0.0	0.0	0.0	0.0	0.0	0.0	0.0
SRR23814187	0.0	0.0	0.0	0.0	0.0	0.0	0.0	0.0	0.0
