sample	SRR1607326	SRR1607327	SRR1607330	SRR1607332	SRR1607334	SRR1607336	SRR1607337	SRR1607342	SRR1607343
SRR1607326	0.0	0.00172	0.00203	0.00187	0.00188	0.00167	0.00176	0.00191	0.00266
SRR1607327	0.00171	0.0	0.00096	0.00087	0.00093	0.00072	0.00071	0.0009	0.00171
SRR1607330	0.00179	0.0008	0.0	0.00102	0.00102	0.00081	0.00083	0.00107	0.00129
SRR1607332	0.00149	0.0	0.00053	0.0	0.00045	0.0	0.0	0.00044	0.00124
SRR1607334	0.00185	0.00091	0.00117	0.00108	0.0	0.00086	0.0009	0.0011	0.00186
SRR1607336	0.00172	0.0007	0.00096	0.00085	0.00087	0.0	0.00066	0.00087	0.00164
SRR1607337	0.00179	0.00082	0.00111	0.00098	0.00103	0.00078	0.0	0.00104	0.00181
SRR1607342	0.00176	0.00056	0.00091	0.00077	0.0008	0.00056	0.0006	0.0	0.00153
SRR1607343	0.00223	0.00093	0.00073	0.0011	0.00114	0.00088	0.00095	0.00106	0.0
