sample	SRR27281402	SRR27281403	SRR27281404	SRR27281405	SRR27281509	SRR27281511	SRR27281512	SRR27281513	SRR27281514
SRR27281402	0.0	0.00289	0.00379	0.00379	0.00341	0.00302	0.00203	0.00348	0.00324
SRR27281403	0.00445	0.0	0.00435	0.00483	0.00413	0.004	0.00284	0.00437	0.00397
SRR27281404	0.00435	0.00335	0.0	0.00359	0.0037	0.00372	0.00296	0.00403	0.00361
SRR27281405	0.00412	0.0036	0.00337	0.0	0.00359	0.00351	0.00301	0.00378	0.00367
SRR27281509	0.00407	0.00324	0.0038	0.00391	0.0	0.00348	0.00285	0.00366	0.00364
SRR27281511	0.00397	0.00339	0.0041	0.00412	0.00375	0.0	0.00298	0.00395	0.00367
SRR27281512	0.005	0.00426	0.00536	0.00565	0.00515	0.005	0.0	0.00525	0.00497
SRR27281513	0.00412	0.00345	0.00411	0.00409	0.00363	0.00365	0.00293	0.0	0.00387
SRR27281514	0.00377	0.00294	0.00358	0.00386	0.0035	0.00325	0.00253	0.00376	0.0
