sample	SRR17643000	SRR17643001	SRR17643002	SRR17643004	SRR17643005	SRR17643006	SRR17643007	SRR17643008	SRR17643009
SRR17643000	0.0	0.00342	0.00299	0.00323	0.00303	0.003	0.00315	0.00319	0.00293
SRR17643001	0.0034	0.0	0.00278	0.00292	0.00311	0.00309	0.00333	0.00289	0.00326
SRR17643002	0.00294	0.00276	0.0	0.00301	0.0029	0.00291	0.00291	0.00274	0.00279
SRR17643004	0.00324	0.00295	0.00307	0.0	0.00299	0.00269	0.00314	0.00252	0.003
SRR17643005	0.00306	0.00316	0.00298	0.00301	0.0	0.00309	0.00308	0.00326	0.00302
SRR17643006	0.00294	0.00305	0.0029	0.00262	0.003	0.0	0.00315	0.00262	0.00297
SRR17643007	0.00315	0.00336	0.00296	0.00314	0.00305	0.00321	0.0	0.00314	0.00319
SRR17643008	0.00313	0.00286	0.00273	0.00246	0.00318	0.00262	0.00308	0.0	0.00306
SRR17643009	0.00282	0.00316	0.00272	0.00288	0.00287	0.00291	0.00308	0.003	0.0
