sample	SRR1607365	SRR1607369	SRR1607372	SRR1607373	SRR1607375	SRR1607377	SRR1607380	SRR1607382	SRR1607384
SRR1607365	0.0	0.00223	0.00189	0.00128	0.00187	0.00168	0.00184	0.00161	0.00194
SRR1607369	0.00177	0.0	0.00156	0.00148	0.00138	0.00202	0.00203	0.00163	0.00192
SRR1607372	0.00211	0.00225	0.0	0.00197	0.00203	0.00194	0.00254	0.00253	0.0025
SRR1607373	0.00194	0.0026	0.00241	0.0	0.00213	0.00183	0.00211	0.00212	0.0019
SRR1607375	0.002	0.00197	0.00193	0.00159	0.0	0.00194	0.00195	0.00194	0.00199
SRR1607377	0.00211	0.00291	0.00216	0.0016	0.00225	0.0	0.00243	0.00208	0.0022
SRR1607380	0.0016	0.00225	0.00208	0.00121	0.00158	0.00176	0.0	0.00163	0.00172
SRR1607382	0.00164	0.00212	0.00234	0.0015	0.00184	0.00168	0.0019	0.0	0.00171
SRR1607384	0.00194	0.00238	0.00227	0.00124	0.00187	0.00177	0.00195	0.00168	0.0
