sample	SRR1607326	SRR1607327	SRR1607330	SRR1607332	SRR1607334	SRR1607336	SRR1607337	SRR1607342	SRR1607343
SRR1607326	0.0	0.00107	0.00182	0.00122	0.00119	0.00122	0.0011	0.00114	0.00153
SRR1607327	0.00118	0.0	0.00164	0.00119	0.00084	0.00108	0.00129	0.00078	0.00151
SRR1607330	0.00168	0.00138	0.0	0.00169	0.00143	0.00132	0.00128	0.00151	0.00125
SRR1607332	0.00165	0.00151	0.00227	0.0	0.00131	0.00141	0.00142	0.00142	0.00202
SRR1607334	0.00126	0.00081	0.00165	0.00096	0.0	0.00092	0.00092	0.0011	0.00155
SRR1607336	0.00155	0.00131	0.00181	0.00132	0.00118	0.0	0.00122	0.00111	0.00172
SRR1607337	0.00107	0.00116	0.0014	0.00097	0.00082	0.00085	0.0	0.00088	0.00122
SRR1607342	0.00145	0.00099	0.00197	0.0013	0.00134	0.00109	0.00122	0.0	0.00165
SRR1607343	0.00199	0.00186	0.00186	0.00205	0.00193	0.00184	0.0017	0.00179	0.0
