sample	SRR1607365	SRR1607369	SRR1607372	SRR1607373	SRR1607375	SRR1607377	SRR1607380	SRR1607382	SRR1607384
SRR1607365	0.0	0.00236	0.00214	0.00163	0.00185	0.00196	0.00197	0.00188	0.00206
SRR1607369	0.00195	0.0	0.00175	0.00171	0.00159	0.0021	0.00206	0.00199	0.00216
SRR1607372	0.00203	0.00207	0.0	0.00197	0.00172	0.002	0.00213	0.00209	0.00227
SRR1607373	0.00194	0.00244	0.00241	0.0	0.00203	0.00189	0.00201	0.00202	0.00195
SRR1607375	0.00178	0.00194	0.00176	0.00164	0.0	0.00196	0.00164	0.00184	0.00196
SRR1607377	0.00192	0.00248	0.00207	0.00152	0.00198	0.0	0.00207	0.00195	0.0018
SRR1607380	0.00179	0.0023	0.00206	0.00151	0.00153	0.00193	0.0	0.00174	0.0019
SRR1607382	0.00191	0.00243	0.00223	0.00173	0.00194	0.00202	0.00195	0.0	0.00192
SRR1607384	0.00206	0.00257	0.00238	0.00163	0.00203	0.00184	0.00208	0.0019	0.0
