sample	SRR27281402	SRR27281403	SRR27281404	SRR27281405	SRR27281509	SRR27281511	SRR27281512	SRR27281513	SRR27281514
SRR27281402	0.0	0.00361	0.00403	0.00403	0.00391	0.00363	0.00344	0.00399	0.00369
SRR27281403	0.00426	0.0	0.00417	0.00442	0.0042	0.00403	0.00368	0.0041	0.00389
SRR27281404	0.00445	0.00395	0.0	0.00375	0.00409	0.00395	0.00408	0.00406	0.00402
SRR27281405	0.00464	0.00438	0.00394	0.0	0.00431	0.00433	0.00443	0.0043	0.00435
SRR27281509	0.00444	0.00408	0.00419	0.00422	0.0	0.00398	0.00406	0.00413	0.00406
SRR27281511	0.00418	0.00393	0.00407	0.00426	0.00399	0.0	0.0039	0.00404	0.0039
SRR27281512	0.00435	0.00395	0.00456	0.00475	0.00444	0.00425	0.0	0.00454	0.0042
SRR27281513	0.00434	0.00381	0.00399	0.00404	0.00396	0.00385	0.00399	0.0	0.00406
SRR27281514	0.004	0.00356	0.0039	0.00405	0.00385	0.00367	0.00361	0.00402	0.0
