sample	SRR1607326	SRR1607327	SRR1607330	SRR1607332	SRR1607334	SRR1607336	SRR1607337	SRR1607342	SRR1607343
SRR1607326	0.0	0.00122	0.00174	0.00135	0.00126	0.00124	0.00122	0.00127	0.00177
SRR1607327	0.00128	0.0	0.00179	0.0015	0.00125	0.00116	0.00134	0.00116	0.00186
SRR1607330	0.00148	0.00147	0.0	0.00167	0.00154	0.00133	0.00139	0.00144	0.00145
SRR1607332	0.00136	0.00146	0.00194	0.0	0.00139	0.00128	0.00143	0.00134	0.00189
SRR1607334	0.00131	0.00125	0.00185	0.00143	0.0	0.0011	0.0013	0.00132	0.00172
SRR1607336	0.00144	0.0013	0.00179	0.00147	0.00124	0.0	0.00131	0.00123	0.00181
SRR1607337	0.00123	0.00129	0.00165	0.00143	0.00126	0.00112	0.0	0.00111	0.00169
SRR1607342	0.00139	0.00123	0.00183	0.00145	0.0014	0.00116	0.00123	0.0	0.00167
SRR1607343	0.0017	0.00173	0.00164	0.00182	0.0016	0.00154	0.00161	0.00148	0.0
