sample	SRR17643000	SRR17643001	SRR17643002	SRR17643004	SRR17643005	SRR17643006	SRR17643007	SRR17643008	SRR17643009
SRR17643000	0.0	0.00291	0.00265	0.0028	0.00266	0.00253	0.00269	0.00282	0.00253
SRR17643001	0.00296	0.0	0.00254	0.00245	0.00272	0.00256	0.00285	0.00259	0.00276
SRR17643002	0.00282	0.00266	0.0	0.00266	0.00263	0.0026	0.00259	0.00261	0.00255
SRR17643004	0.00297	0.00257	0.00265	0.0	0.0027	0.00215	0.00278	0.00216	0.00268
SRR17643005	0.00281	0.00283	0.00261	0.00269	0.0	0.00275	0.00256	0.00284	0.00271
SRR17643006	0.00277	0.00275	0.00267	0.00223	0.00283	0.0	0.00277	0.00229	0.00258
SRR17643007	0.00284	0.00294	0.00256	0.00276	0.00255	0.00267	0.0	0.00281	0.0026
SRR17643008	0.00298	0.00269	0.0026	0.00216	0.00285	0.00221	0.00283	0.0	0.00272
SRR17643009	0.00285	0.00302	0.0027	0.00284	0.00287	0.00267	0.00278	0.00288	0.0
