sample	SRR27281402	SRR27281403	SRR27281404	SRR27281405	SRR27281509	SRR27281511	SRR27281512	SRR27281513	SRR27281514
SRR27281402	0.0	0.00527	0.00553	0.00554	0.00551	0.00532	0.00528	0.0055	0.00521
SRR27281403	0.00489	0.0	0.00501	0.00511	0.00501	0.00494	0.00492	0.00496	0.00485
SRR27281404	0.0056	0.00546	0.0	0.00489	0.00526	0.00534	0.00569	0.00534	0.0053
SRR27281405	0.0062	0.00614	0.00548	0.0	0.00595	0.00598	0.00632	0.00589	0.00596
SRR27281509	0.00555	0.00542	0.00523	0.00533	0.0	0.00531	0.00563	0.00533	0.00528
SRR27281511	0.00521	0.00521	0.00517	0.00521	0.00517	0.0	0.00528	0.0052	0.00502
SRR27281512	0.00432	0.00434	0.00467	0.00472	0.00465	0.00443	0.0	0.00466	0.0043
SRR27281513	0.00547	0.00531	0.00524	0.00519	0.00526	0.00527	0.00558	0.0	0.00532
SRR27281514	0.00518	0.00519	0.00519	0.00527	0.00521	0.00509	0.00522	0.00532	0.0
