sample	SRR1607365	SRR1607369	SRR1607372	SRR1607373	SRR1607375	SRR1607377	SRR1607380	SRR1607382	SRR1607384
SRR1607365	0.0	0.00239	0.0023	0.00189	0.0	0.00222	0.00203	0.00209	0.00207
SRR1607369	0.00219	0.0	0.0021	0.00213	0.0	0.00259	0.00224	0.00217	0.00229
SRR1607372	0.00175	0.00175	0.0	0.00186	0.0	0.00194	0.00177	0.0018	0.00185
SRR1607373	0.00176	0.0022	0.00229	0.0	0.0	0.0021	0.00181	0.00194	0.00178
SRR1607375	0.0	0.0	0.0	0.0	0.0	0.0	0.0	0.0	0.0
SRR1607377	0.00153	0.0021	0.0018	0.00153	0.0	0.0	0.00164	0.00164	0.00147
SRR1607380	0.00196	0.00237	0.00225	0.00186	0.0	0.00226	0.0	0.00198	0.00194
SRR1607382	0.00208	0.00235	0.00233	0.00205	0.0	0.00232	0.00204	0.0	0.00199
SRR1607384	0.00206	0.00247	0.00238	0.00189	0.0	0.00214	0.002	0.00199	0.0
