sample	SRR17643000	SRR17643001	SRR17643002	SRR17643004	SRR17643005	SRR17643006	SRR17643007	SRR17643008	SRR17643009
SRR17643000	0.0	0.00374	0.00359	0.00382	0.00354	0.00327	0.00374	0.00374	0.00339
SRR17643001	0.00389	0.0	0.00352	0.00341	0.00368	0.00344	0.00388	0.00344	0.00371
SRR17643002	0.00377	0.00354	0.0	0.00376	0.00357	0.00351	0.00372	0.00358	0.00356
SRR17643004	0.0	0.0	0.0	0.0	0.0	0.0	0.0	0.0	0.0
SRR17643005	0.00347	0.00345	0.00333	0.00345	0.0	0.00345	0.00336	0.00352	0.00332
SRR17643006	0.00343	0.00343	0.00348	0.00296	0.00367	0.0	0.00358	0.00294	0.00327
SRR17643007	0.00379	0.00378	0.00359	0.00374	0.00349	0.00349	0.0	0.00371	0.00355
SRR17643008	0.00386	0.00342	0.00353	0.00295	0.00372	0.00291	0.00378	0.0	0.00359
SRR17643009	0.00369	0.00384	0.00367	0.00387	0.00367	0.00341	0.00378	0.00375	0.0
