sample	SRR1607365	SRR1607369	SRR1607372	SRR1607373	SRR1607375	SRR1607377	SRR1607380	SRR1607382	SRR1607384
SRR1607365	0.0	0.00147	0.00144	0.00121	0.0013	0.00148	0.0013	0.00141	0.00133
SRR1607369	0.0014	0.0	0.00115	0.00134	0.00109	0.00175	0.00144	0.00141	0.00145
SRR1607372	0.00072	0.0005	0.0	0.00078	0.00052	0.00088	0.00071	0.00084	0.00078
SRR1607373	0.00089	0.0011	0.00119	0.0	0.00111	0.00125	0.00097	0.00111	0.00091
SRR1607375	0.00084	0.00071	0.00079	0.00096	0.0	0.00126	0.00067	0.00108	0.00093
SRR1607377	0.00053	0.00088	0.00065	0.0006	0.00077	0.0	0.00066	0.0007	0.00043
SRR1607380	0.0013	0.00152	0.00142	0.00127	0.00111	0.00158	0.0	0.00143	0.00126
SRR1607382	0.00139	0.00146	0.00152	0.00138	0.0015	0.0016	0.00141	0.0	0.00132
SRR1607384	0.00131	0.00151	0.00148	0.0012	0.00137	0.00136	0.00126	0.00134	0.0
