sample	SRR27281402	SRR27281403	SRR27281404	SRR27281405	SRR27281509	SRR27281511	SRR27281512	SRR27281513	SRR27281514
SRR27281402	0.0	0.00464	0.00496	0.00496	0.00496	0.00479	0.00463	0.00494	0.00455
SRR27281403	0.004	0.0	0.00434	0.00439	0.00435	0.00436	0.0042	0.00435	0.0041
SRR27281404	0.00496	0.00497	0.0	0.0043	0.00485	0.00497	0.00516	0.0049	0.00476
SRR27281405	0.0057	0.00575	0.00503	0.0	0.00567	0.00573	0.00588	0.00551	0.00557
SRR27281509	0.00488	0.00489	0.00476	0.00486	0.0	0.0049	0.00508	0.00485	0.00476
SRR27281511	0.00455	0.00474	0.00471	0.00475	0.00473	0.0	0.00475	0.00473	0.00449
SRR27281512	0.00317	0.00338	0.00372	0.00371	0.00375	0.00358	0.0	0.00372	0.00334
SRR27281513	0.00479	0.00483	0.00474	0.00463	0.00478	0.00483	0.005	0.0	0.00477
SRR27281514	0.00442	0.00461	0.00463	0.0047	0.00471	0.00462	0.00466	0.0048	0.0
