sample	SRR1607326	SRR1607327	SRR1607330	SRR1607332	SRR1607334	SRR1607336	SRR1607337	SRR1607342	SRR1607343
SRR1607326	0.0	0.0011	0.00133	0.00123	0.00157	0.00102	0.00106	0.00123	0.00193
SRR1607327	0.00107	0.0	0.00115	0.00111	0.00149	0.0009	0.00094	0.0011	0.00183
SRR1607330	0.00113	0.00097	0.0	0.00113	0.00143	0.00089	0.00092	0.00112	0.00132
SRR1607332	0.00058	0.00046	0.00066	0.0	0.0011	0.0	0.00037	0.00057	0.00133
SRR1607334	0.00155	0.00147	0.00163	0.00158	0.0	0.00136	0.00141	0.00154	0.00229
SRR1607336	0.00099	0.00089	0.00105	0.00097	0.0014	0.0	0.00077	0.00097	0.00169
SRR1607337	0.00113	0.00104	0.0012	0.00112	0.00149	0.00089	0.0	0.00112	0.00186
SRR1607342	0.0009	0.00078	0.00098	0.0009	0.00133	0.00067	0.0007	0.0	0.00155
SRR1607343	0.00119	0.00108	0.00077	0.00118	0.00171	0.00094	0.00103	0.00109	0.0
