sample	SRR17643000	SRR17643001	SRR17643002	SRR17643004	SRR17643005	SRR17643006	SRR17643007	SRR17643008	SRR17643009
SRR17643000	0.0	0.00314	0.00302	0.00327	0.00293	0.00296	0.00309	0.00317	0.00281
SRR17643001	0.00333	0.0	0.003	0.00293	0.00316	0.00316	0.00334	0.00297	0.00324
SRR17643002	0.00317	0.00297	0.0	0.00323	0.00305	0.00323	0.00316	0.00305	0.00301
SRR17643004	0.0	0.0	0.0	0.0	0.0	0.0	0.0	0.0	0.0
SRR17643005	0.00266	0.00271	0.00262	0.00273	0.0	0.00301	0.00262	0.00278	0.00258
SRR17643006	0.00308	0.00311	0.00317	0.00265	0.00333	0.0	0.00328	0.00259	0.00298
SRR17643007	0.00308	0.00315	0.003	0.00315	0.00289	0.00318	0.0	0.00307	0.0029
SRR17643008	0.00323	0.00286	0.00297	0.00237	0.00314	0.00257	0.00315	0.0	0.003
SRR17643009	0.00302	0.00326	0.00306	0.0033	0.00306	0.00311	0.00311	0.00313	0.0
