sample	SRR1607365	SRR1607369	SRR1607372	SRR1607373	SRR1607375	SRR1607377	SRR1607380	SRR1607382	SRR1607384
SRR1607365	0.0	0.00219	0.00129	0.00098	0.00115	0.00186	0.00189	0.00127	0.0015
SRR1607369	0.00204	0.0	0.00189	0.00207	0.00188	0.0029	0.00285	0.00214	0.00246
SRR1607372	0.00054	0.00147	0.0	0.00066	0.00047	0.00147	0.00155	0.00082	0.0011
SRR1607373	0.00062	0.00204	0.00107	0.0	0.00095	0.00181	0.00173	0.00102	0.0012
SRR1607375	0.00068	0.00167	0.00074	0.00082	0.0	0.00182	0.00146	0.00105	0.00125
SRR1607377	0.00106	0.0026	0.00131	0.00121	0.00143	0.0	0.00224	0.00133	0.00147
SRR1607380	0.00184	0.00301	0.00208	0.00185	0.00177	0.00267	0.0	0.00204	0.00218
SRR1607382	0.00124	0.0023	0.00151	0.0013	0.00147	0.00206	0.00209	0.0	0.0016
SRR1607384	0.00148	0.00266	0.00174	0.00143	0.00164	0.0021	0.00224	0.00161	0.0
